filename	 MeanX	 MeanY	 MeanZ	 IntergralX	 IntergralY	 IntergralZ	 MinX	 MinY	 MinZ	 MaxX	 MaxY	 MaxZ	 foot	 direction	 footfall_begin	 footfall_end
 hfren11_run_01.avi	 -0.000637	 0.004432	 -0.003940	 -0.000032	 0.000221	 -0.000196	 -0.011850	 -0.000754	 -0.008858	 0.006049	 0.014705	 0.000735	 FR	 down	 35	 48
hfren11_run_02.avi	 0.000730	 0.001910	 -0.000800	 0.000061	 0.000160	 -0.000067	 -0.005662	 -0.012875	 -0.004003	 0.008344	 0.014557	 0.001513	 HR	 up	 112	 133
hfren11_run_03.avi	 0.015426	 0.019115	 0.000864	 0.000855	 0.001059	 0.000048	 -0.000558	 -0.001827	 -0.003713	 0.026125	 0.034059	 0.004661	 HL	 down	 65	 79
hfren11_run_04.avi	 -0.008508	 0.006227	 -0.005081	 -0.000231	 0.000169	 -0.000138	 -0.039644	 -0.004674	 -0.023780	 0.048729	 0.045936	 0.004473	 FR	 down	 28	 35
hfren11_run_04.avi	 -0.023680	 0.015558	 0.002236	 -0.000812	 0.000534	 0.000077	 -0.043283	 -0.002978	 -0.006236	 0.001495	 0.033818	 0.007948	 HR	 down	 36	 44
hfren11_run_05.avi	 -0.007982	 0.007503	 0.002297	 -0.000472	 0.000443	 0.000136	 -0.018300	 -0.003086	 -0.005581	 0.001104	 0.017445	 0.006347	 FL	 up	 50	 65
hfren11_run_05.avi	 0.009163	 0.017722	 -0.002245	 0.000568	 0.001099	 -0.000139	 -0.001878	 -0.003207	 -0.008605	 0.018658	 0.038384	 0.000163	 HL	 up	 65	 81
hfren11_run_06.avi	 0.015232	 0.016130	 0.003249	 0.001071	 0.001134	 0.000228	 -0.001476	 -0.005237	 -0.005553	 0.033461	 0.044656	 0.007390	 FR	 up	 37	 54
hfren11_run_06.avi	 0.008339	 0.016608	 -0.002603	 0.000600	 0.001196	 -0.000187	 -0.000718	 -0.001658	 -0.004510	 0.017770	 0.038676	 0.000066	 HL	 up	 65	 83
hfren11_run_07.avi	 -0.011738	 0.011691	 0.001516	 -0.000474	 0.000472	 0.000061	 -0.021655	 -0.002352	 -0.002911	 0.002048	 0.023393	 0.005676	 HR	 down	 47	 57
hfren11_run_09.avi	 0.006920	 0.009625	 0.000620	 0.000488	 0.000678	 0.000044	 -0.005628	 -0.009060	 -0.001659	 0.012798	 0.019301	 0.004698	 HL	 down	 64	 81
hfren11_run_10.avi	 -0.004788	 0.007168	 0.002272	 -0.000325	 0.000486	 0.000154	 -0.015797	 -0.006451	 -0.009123	 0.003684	 0.014095	 0.006734	 FL	 up	 63	 80
hfren11_run_11.avi	 -0.006152	 0.014727	 0.001624	 -0.000319	 0.000764	 0.000084	 -0.013067	 -0.001037	 -0.001379	 0.000381	 0.027307	 0.004426	 HR	 down	 62	 75
hfren11_run_12.avi	 0.010431	 0.009043	 0.002978	 0.000669	 0.000580	 0.000191	 -0.000265	 -0.003628	 -0.009145	 0.021324	 0.023408	 0.007908	 FR	 up	 44	 60
hfren11_run_12.avi	 0.002262	 0.010888	 -0.001538	 0.000179	 0.000860	 -0.000122	 -0.010424	 -0.001652	 -0.006355	 0.014939	 0.025645	 0.003001	 HL	 up	 68	 87
hfren11_run_14.avi	 -0.000238	 0.003223	 -0.001355	 -0.000010	 0.000129	 -0.000054	 -0.006123	 0.000111	 -0.007648	 0.007567	 0.005286	 0.000317	 FR	 down	 41	 51
hfren11_run_14.avi	 -0.007273	 0.016710	 0.002571	 -0.000418	 0.000961	 0.000148	 -0.015083	 -0.001780	 -0.004289	 0.000530	 0.032009	 0.006793	 HR	 down	 51	 65
hfren11_run_15.avi	 0.014777	 0.016433	 0.003289	 0.000866	 0.000963	 0.000193	 -0.000389	 -0.001207	 -0.004230	 0.027186	 0.034537	 0.007111	 FR	 up	 56	 70
hfren11_run_15.avi	 0.002633	 0.012775	 0.000791	 0.000208	 0.001010	 0.000063	 -0.000170	 -0.001089	 -0.004720	 0.006556	 0.023511	 0.006291	 HR	 up	 70	 90
hfren11_run_17.avi	 0.011198	 0.012439	 0.003228	 0.000655	 0.000728	 0.000189	 -0.000897	 -0.000949	 -0.004336	 0.021388	 0.026693	 0.006330	 FR	 down	 57	 72
hfren11_run_18.avi	 -0.006107	 0.010761	 0.000108	 -0.000210	 0.000370	 0.000004	 -0.011669	 0.000388	 -0.003720	 0.000742	 0.018429	 0.002767	 HR	 down	 56	 65
hfren11_run_19.avi	 0.015339	 0.015845	 0.003234	 0.000870	 0.000898	 0.000183	 -0.000781	 -0.000692	 -0.003662	 0.026882	 0.032120	 0.007557	 FR	 up	 57	 71
hfren11_run_19.avi	 0.001837	 0.010819	 -0.001719	 0.000154	 0.000905	 -0.000144	 -0.001252	 -0.000567	 -0.007294	 0.007419	 0.027702	 0.001855	 HR	 up	 71	 92
hfren11_run_20.avi	 -0.006839	 0.009931	 0.003273	 -0.000364	 0.000528	 0.000174	 -0.011920	 -0.000896	 -0.006047	 0.001166	 0.022893	 0.007193	 FL	 up	 52	 65
hfren11_run_20.avi	 0.013797	 0.016682	 -0.002009	 0.000977	 0.001181	 -0.000142	 -0.001015	 -0.001061	 -0.004346	 0.030165	 0.037513	 0.001247	 HL	 up	 65	 83
hfren13_run_01.avi	 0.016787	 0.009912	 -0.000810	 0.000225	 0.000133	 -0.000011	 -0.018334	 -0.025260	 -0.027788	 0.045262	 0.025622	 0.008104	 FR	 up	 39	 42
hfren13_run_01.avi	 0.020400	 0.007099	 0.001351	 0.000492	 0.000171	 0.000033	 -0.001907	 -0.001218	 -0.004656	 0.044363	 0.016914	 0.005716	 HR	 up	 44	 50
hfren13_run_03.avi	 -0.008458	 0.002753	 -0.005411	 -0.000252	 0.000082	 -0.000161	 -0.019919	 -0.001680	 -0.018205	 0.000469	 0.006644	 -0.000223	 FL	 down	 26	 34
hfren13_run_03.avi	 0.021816	 0.034792	 0.002069	 0.000929	 0.001482	 0.000088	 -0.007697	 -0.001890	 -0.004164	 0.064826	 0.077187	 0.012014	 HL	 down	 34	 45
hfren13_run_04.avi	 0.005627	 0.006220	 -0.004548	 0.000166	 0.000184	 -0.000134	 -0.000680	 -0.001654	 -0.012970	 0.013967	 0.018521	 0.001192	 FR	 down	 34	 41
hfren13_run_04.avi	 -0.008716	 0.016966	 0.001890	 -0.000367	 0.000715	 0.000080	 -0.021368	 -0.004851	 -0.004991	 0.001576	 0.039465	 0.005898	 HR	 down	 41	 52
hfren13_run_05.avi	 0.029243	 0.034463	 0.001843	 0.001149	 0.001355	 0.000072	 -0.002148	 -0.003448	 -0.007232	 0.074732	 0.092358	 0.009748	 HL	 down	 49	 59
hfren13_run_06.avi	 0.007021	 0.008131	 -0.004175	 0.000229	 0.000265	 -0.000136	 -0.002130	 0.000077	 -0.009762	 0.013658	 0.019951	 0.000664	 FR	 down	 32	 41
hfren13_run_06.avi	 -0.010718	 0.023004	 0.004965	 -0.000450	 0.000966	 0.000209	 -0.023213	 -0.001742	 -0.003204	 0.002141	 0.041878	 0.010284	 HR	 down	 40	 50
hfren13_run_07.avi	 -0.005210	 0.003707	 0.001632	 -0.000152	 0.000108	 0.000048	 -0.012696	 -0.003030	 -0.003520	 0.001275	 0.012917	 0.007507	 FL	 up	 42	 49
hfren13_run_07.avi	 -0.011877	 -0.004770	 -0.000007	 -0.000444	 -0.000178	 -0.000000	 -0.033199	 -0.010775	 -0.009103	 0.002060	 -0.000420	 0.002452	 HL	 up	 50	 59
hfren13_run_08.avi	 -0.007341	 0.003683	 0.002590	 -0.000256	 0.000128	 0.000090	 -0.023878	 -0.001137	 -0.006389	 0.001943	 0.009292	 0.008904	 FL	 up	 32	 41
hfren13_run_08.avi	 0.001451	 0.004820	 -0.000369	 0.000055	 0.000184	 -0.000014	 -0.001806	 -0.002833	 -0.004594	 0.003082	 0.016491	 0.002883	 HL	 up	 41	 51
hfren13_run_09.avi	 0.002057	 0.005627	 -0.004754	 0.000059	 0.000162	 -0.000137	 -0.004795	 -0.000109	 -0.011813	 0.012179	 0.021759	 -0.000054	 FR	 down	 36	 43
hfren13_run_09.avi	 -0.017214	 0.018590	 0.003176	 -0.000709	 0.000766	 0.000131	 -0.045247	 -0.002173	 -0.002104	 0.002334	 0.044388	 0.007919	 HR	 down	 42	 52
hfren13_run_10.avi	 0.002318	 0.005475	 -0.002528	 0.000079	 0.000187	 -0.000086	 -0.005217	 -0.001522	 -0.008714	 0.023275	 0.028695	 0.001412	 FR	 down	 28	 36
hfren13_run_10.avi	 -0.023350	 0.018999	 0.003610	 -0.000876	 0.000713	 0.000135	 -0.056753	 -0.004216	 -0.004492	 0.003081	 0.047485	 0.007980	 HR	 down	 36	 46
hfren13_run_11.avi	 -0.011275	 0.000079	 0.001121	 -0.000362	 0.000003	 0.000036	 -0.037910	 -0.016545	 -0.014863	 0.000816	 0.008592	 0.009801	 FL	 up	 28	 36
hfren13_run_11.avi	 0.000052	 0.003786	 -0.002495	 0.000002	 0.000122	 -0.000080	 -0.001379	 -0.002906	 -0.007806	 0.001499	 0.008290	 -0.000563	 HL	 up	 37	 45
hfren13_run_12.avi	 -0.004502	 0.006287	 -0.004372	 -0.000144	 0.000201	 -0.000139	 -0.017886	 -0.003179	 -0.017211	 0.006463	 0.016583	 0.002548	 FL	 down	 27	 35
hfren13_run_12.avi	 0.027947	 0.031791	 0.003374	 0.000944	 0.001075	 0.000114	 0.000468	 -0.003281	 -0.004829	 0.060477	 0.072173	 0.011813	 HL	 down	 35	 43
hfren13_run_13.avi	 0.006094	 0.008317	 -0.004143	 0.000196	 0.000267	 -0.000133	 -0.003085	 0.000088	 -0.016854	 0.043311	 0.026426	 -0.000007	 FR	 down	 42	 50
hfren13_run_13.avi	 -0.012548	 0.015872	 0.002831	 -0.000497	 0.000629	 0.000112	 -0.032818	 -0.002932	 -0.002179	 0.002396	 0.034087	 0.006874	 HR	 down	 50	 59
hfren13_run_14.avi	 -0.003919	 0.008689	 0.002770	 -0.000119	 0.000263	 0.000084	 -0.011121	 -0.001007	 -0.003858	 0.000264	 0.022088	 0.010032	 FL	 up	 36	 44
hfren13_run_14.avi	 0.000796	 0.004444	 -0.000207	 0.000028	 0.000157	 -0.000007	 -0.002683	 -0.001984	 -0.005215	 0.006712	 0.012944	 0.002642	 HL	 up	 45	 54
hfren13_run_15.avi	 0.002135	 0.010951	 -0.006033	 0.000078	 0.000400	 -0.000220	 -0.005225	 -0.000658	 -0.032356	 0.016488	 0.049180	 0.001652	 FL	 down	 34	 43
hfren13_run_15.avi	 0.017270	 0.021273	 0.001014	 0.000807	 0.000994	 0.000047	 -0.001530	 -0.001579	 -0.003223	 0.044383	 0.051452	 0.005726	 HL	 down	 43	 54
hfren13_run_18.avi	 -0.012207	 -0.002496	 0.003084	 -0.000604	 -0.000123	 0.000153	 -0.022898	 -0.006470	 -0.002593	 -0.000607	 0.000179	 0.006360	 FL	 up	 25	 37
hfren13_run_18.avi	 0.001522	 0.009031	 -0.001046	 0.000087	 0.000514	 -0.000059	 -0.012316	 -0.004692	 -0.005121	 0.010258	 0.023101	 0.002736	 HL	 up	 38	 52
hfren13_run_19.avi	 0.008704	 0.013241	 -0.003171	 0.000560	 0.000851	 -0.000204	 -0.002248	 -0.005325	 -0.006290	 0.020569	 0.030047	 -0.000247	 HL	 up	 47	 63
hfren13_run_20.avi	 0.000427	 0.004571	 -0.002893	 0.000019	 0.000198	 -0.000126	 -0.004122	 -0.000176	 -0.012302	 0.005339	 0.016381	 0.001110	 FL	 down	 34	 45
hfren13_run_20.avi	 0.014150	 0.014641	 0.000604	 0.000729	 0.000754	 0.000031	 -0.001068	 -0.002995	 -0.001487	 0.044268	 0.045284	 0.004084	 HL	 down	 44	 57
hfren13_run_22.avi	 0.001080	 0.021226	 0.003426	 0.000065	 0.001266	 0.000205	 -0.008331	 -0.011242	 -0.010174	 0.005770	 0.034801	 0.006515	 FL	 up	 71	 85
hfren13_run_22.avi	 0.014669	 0.019188	 -0.004208	 0.000838	 0.001097	 -0.000240	 -0.007408	 -0.026859	 -0.014282	 0.033306	 0.048297	 -0.001383	 HL	 up	 86	 100
hfren14_run_01.avi	 0.010843	 0.012309	 -0.004216	 0.000234	 0.000266	 -0.000091	 -0.017237	 -0.006821	 -0.048344	 0.037417	 0.046710	 0.007455	 FL	 down	 28	 34
hfren14_run_01.avi	 0.035815	 0.029873	 0.003435	 0.001063	 0.000887	 0.000102	 -0.001487	 0.000759	 -0.007536	 0.071049	 0.061074	 0.010758	 HL	 down	 34	 41
hfren14_run_02.avi	 -0.005175	 0.007084	 -0.003503	 -0.000159	 0.000218	 -0.000108	 -0.019482	 -0.002171	 -0.017884	 0.012588	 0.033905	 0.001766	 FR	 down	 29	 37
hfren14_run_02.avi	 -0.003124	 0.019479	 -0.000240	 -0.000107	 0.000668	 -0.000008	 -0.019012	 -0.002411	 -0.009846	 0.004266	 0.045062	 0.004974	 HR	 down	 36	 45
hfren14_run_03.avi	 0.002714	 0.008508	 -0.004133	 0.000090	 0.000281	 -0.000136	 -0.018224	 -0.002905	 -0.023228	 0.035535	 0.050404	 0.002962	 FR	 down	 26	 34
hfren14_run_03.avi	 -0.000297	 0.020510	 0.000406	 -0.000009	 0.000652	 0.000013	 -0.011439	 -0.002821	 -0.005340	 0.009814	 0.047066	 0.008887	 HR	 down	 34	 41
hfren14_run_04.avi	 0.029915	 0.019029	 0.007624	 0.001116	 0.000710	 0.000285	 -0.001716	 -0.005768	 -0.007279	 0.064631	 0.050473	 0.016530	 FR	 up	 41	 50
hfren14_run_04.avi	 0.007286	 0.031684	 -0.006351	 0.000303	 0.001318	 -0.000264	 -0.001959	 -0.005709	 -0.008616	 0.018437	 0.062753	 0.000526	 HR	 up	 50	 60
hfren14_run_05.avi	 0.035994	 0.016468	 0.004617	 0.001198	 0.000548	 0.000154	 -0.002421	 -0.006298	 -0.014789	 0.080265	 0.041542	 0.014168	 FR	 up	 35	 43
hfren14_run_05.avi	 -0.001112	 0.029770	 -0.003959	 -0.000042	 0.001134	 -0.000151	 -0.012381	 -0.002288	 -0.007384	 0.008717	 0.063030	 -0.000585	 HR	 up	 43	 52
hfren14_run_06.avi	 0.001787	 0.004704	 -0.003308	 0.000067	 0.000176	 -0.000123	 -0.007424	 -0.003523	 -0.022939	 0.011037	 0.024998	 0.003509	 FL	 down	 30	 39
hfren14_run_07.avi	 0.002998	 0.016342	 -0.001701	 0.000131	 0.000716	 -0.000074	 -0.005159	 -0.001351	 -0.004300	 0.015201	 0.032596	 0.000576	 HR	 up	 41	 52
hfren14_run_08.avi	 0.010575	 0.016205	 -0.005520	 0.000403	 0.000618	 -0.000210	 -0.007235	 -0.003042	 -0.025037	 0.024847	 0.035222	 0.005415	 FL	 down	 38	 47
hfren14_run_08.avi	 0.022128	 0.026575	 0.004755	 0.000843	 0.001013	 0.000181	 -0.002485	 -0.002116	 -0.002643	 0.041245	 0.053507	 0.011468	 HL	 down	 47	 57
hfren14_run_10.avi	 -0.009802	 0.013450	 0.005852	 -0.000411	 0.000564	 0.000245	 -0.019830	 -0.005671	 -0.006070	 0.000263	 0.033313	 0.013278	 FL	 up	 47	 58
hfren14_run_10.avi	 0.014755	 0.021666	 -0.006202	 0.000728	 0.001069	 -0.000306	 -0.005622	 -0.007394	 -0.010093	 0.040884	 0.051827	 0.000867	 HL	 up	 58	 70
hfren14_run_11.avi	 0.003332	 0.009857	 -0.007093	 0.000099	 0.000292	 -0.000210	 -0.004958	 -0.000122	 -0.030007	 0.021788	 0.040513	 0.000332	 FR	 down	 35	 42
hfren14_run_11.avi	 -0.002892	 0.029598	 0.000991	 -0.000104	 0.001066	 0.000036	 -0.015805	 -0.003292	 -0.008577	 0.007764	 0.066165	 0.009846	 HR	 down	 42	 51
hfren14_run_12.avi	 0.023996	 0.023397	 0.006107	 0.001332	 0.001298	 0.000339	 -0.001358	 -0.002169	 -0.012967	 0.044485	 0.051814	 0.010904	 FR	 up	 62	 76
hfren14_run_13.avi	 -0.000094	 0.008830	 -0.008716	 -0.000003	 0.000284	 -0.000280	 -0.024685	 -0.006467	 -0.043950	 0.031231	 0.036368	 0.005155	 FL	 down	 33	 41
hfren14_run_13.avi	 0.018340	 0.017359	 0.003349	 0.000649	 0.000615	 0.000119	 -0.003623	 -0.002709	 -0.008123	 0.042826	 0.039791	 0.011711	 HL	 down	 41	 50
hfren14_run_15.avi	 0.000308	 0.008020	 -0.003457	 0.000012	 0.000308	 -0.000133	 -0.023686	 -0.000754	 -0.012904	 0.017977	 0.021285	 0.001783	 FL	 down	 44	 53
hfren14_run_15.avi	 0.018708	 0.026532	 0.002311	 0.000707	 0.001003	 0.000087	 -0.001324	 -0.000754	 -0.001485	 0.042536	 0.052850	 0.007523	 HL	 down	 53	 63
hfren14_run_16.avi	 0.001903	 0.009442	 -0.006442	 0.000071	 0.000354	 -0.000241	 -0.004447	 -0.000152	 -0.023117	 0.013815	 0.021390	 0.000667	 FR	 down	 36	 46
hfren14_run_16.avi	 -0.002798	 0.033803	 0.001966	 -0.000098	 0.001180	 0.000069	 -0.015071	 -0.001334	 -0.006099	 0.009934	 0.057625	 0.014145	 HR	 down	 46	 54
hfren14_run_17.avi	 0.014322	 0.024169	 -0.006790	 0.000846	 0.001429	 -0.000401	 -0.006871	 -0.009106	 -0.010683	 0.039319	 0.065642	 0.000330	 HL	 up	 80	 94
hfren14_run_18.avi	 -0.024912	 -0.004128	 0.004156	 -0.001283	 -0.000213	 0.000214	 -0.037326	 -0.006725	 -0.003691	 0.000293	 -0.000821	 0.007389	 FL	 up	 60	 73
hfren14_run_18.avi	 0.012743	 0.019474	 -0.003949	 0.000793	 0.001211	 -0.000245	 -0.012562	 -0.002154	 -0.007506	 0.029937	 0.043466	 0.000182	 HL	 up	 72	 88
hfren14_run_19.avi	 -0.013118	 0.017290	 0.008318	 -0.000606	 0.000799	 0.000384	 -0.026762	 -0.001987	 -0.009902	 0.002651	 0.043688	 0.017119	 FL	 up	 41	 53
hfren14_run_19.avi	 0.013341	 0.022214	 0.002385	 0.000740	 0.001233	 0.000132	 -0.001207	 -0.001706	 -0.003308	 0.025806	 0.049443	 0.008445	 HL	 up	 52	 66
hfren14_run_20.avi	 0.000281	 0.011047	 -0.004793	 0.000010	 0.000388	 -0.000168	 -0.018294	 0.000013	 -0.016930	 0.023398	 0.026257	 0.004972	 FL	 down	 39	 48
hfren14_run_20.avi	 0.031196	 0.039102	 0.004594	 0.001170	 0.001466	 0.000172	 0.000598	 -0.000588	 -0.001004	 0.065530	 0.076309	 0.013900	 HL	 down	 48	 57
hfren14_run_21.avi	 -0.001095	 0.007684	 -0.003449	 -0.000039	 0.000271	 -0.000122	 -0.010091	 -0.001356	 -0.022712	 0.015628	 0.022730	 0.004149	 FR	 down	 28	 37
hfren14_run_21.avi	 -0.004771	 0.029011	 0.003867	 -0.000195	 0.001184	 0.000158	 -0.018273	 -0.004541	 -0.002851	 0.003051	 0.081370	 0.014514	 HR	 down	 36	 46
hfren14_run_22.avi	 0.021563	 0.018357	 0.006023	 0.001147	 0.000976	 0.000320	 -0.000776	 -0.000462	 -0.009404	 0.047224	 0.050954	 0.013919	 FR	 up	 49	 63
hfren14_run_22.avi	 0.000348	 0.014172	 0.004760	 0.000020	 0.000809	 0.000272	 -0.002347	 0.000179	 -0.002374	 0.004613	 0.033777	 0.012162	 HR	 up	 62	 76
hfren14_run_23.avi	 -0.005337	 0.022767	 -0.004906	 -0.000348	 0.001484	 -0.000320	 -0.014852	 -0.001893	 -0.007965	 0.002674	 0.052658	 -0.000419	 HR	 up	 71	 88
hfren14_run_24.avi	 0.003526	 0.017770	 -0.000723	 0.000228	 0.001151	 -0.000047	 -0.005739	 -0.004476	 -0.002864	 0.010490	 0.038815	 0.002884	 HR	 up	 69	 85
hfren16_run_01.avi	 0.000754	 0.006436	 -0.003092	 0.000029	 0.000246	 -0.000118	 -0.003710	 -0.000428	 -0.006735	 0.004105	 0.011928	 0.000166	 FL	 down	 36	 45
hfren16_run_01.avi	 0.016455	 0.021060	 0.001995	 0.000665	 0.000851	 0.000081	 -0.000621	 -0.002354	 -0.003003	 0.034197	 0.046363	 0.006495	 HL	 down	 45	 55
hfren16_run_02.avi	 -0.029126	 0.009498	 0.004307	 -0.000892	 0.000289	 0.000132	 -0.071649	 -0.010108	 -0.017412	 0.026889	 0.040217	 0.017589	 FR	 down	 20	 28
hfren16_run_02.avi	 -0.017001	 0.036685	 0.005433	 -0.000521	 0.001121	 0.000167	 -0.044810	 0.001596	 -0.009501	 0.011349	 0.065537	 0.015169	 HR	 down	 28	 36
hfren16_run_03.avi	 -0.012406	 0.004369	 0.000459	 -0.001374	 0.000484	 0.000051	 -0.024076	 -0.006065	 -0.006094	 0.000174	 0.008138	 0.003707	 FL	 up	 30	 57
hfren16_run_03.avi	 -0.012406	 0.004369	 0.000459	 -0.001374	 0.000484	 0.000051	 -0.024076	 -0.006065	 -0.006094	 0.000174	 0.008138	 0.003707	 HL	 up	 30	 57
hfren16_run_04.avi	 0.000855	 0.002776	 -0.003382	 0.000041	 0.000132	 -0.000161	 -0.004378	 -0.001024	 -0.016107	 0.008206	 0.011361	 0.000837	 FR	 down	 50	 62
hfren16_run_04.avi	 -0.006643	 0.027758	 0.002323	 -0.000528	 0.002207	 0.000185	 -0.018196	 -0.002260	 -0.002396	 0.001137	 0.054722	 0.005727	 HR	 down	 64	 84
hfren16_run_08.avi	 0.000760	 0.001284	 -0.001269	 0.000026	 0.000044	 -0.000044	 -0.004420	 -0.001128	 -0.006765	 0.004150	 0.006681	 0.000580	 FR	 down	 24	 33
hfren16_run_08.avi	 -0.002420	 0.019724	 0.003150	 -0.000092	 0.000752	 0.000120	 -0.006959	 -0.002496	 -0.003848	 0.003338	 0.044154	 0.009126	 HR	 down	 35	 45
hfren16_run_10.avi	 -0.006055	 0.009897	 0.000917	 -0.000366	 0.000599	 0.000056	 -0.009692	 -0.008870	 -0.011612	 0.000611	 0.023267	 0.005943	 FL	 up	 64	 80
hfren16_run_10.avi	 0.013400	 0.025197	 -0.000348	 0.000753	 0.001416	 -0.000019	 -0.002468	 -0.001906	 -0.002722	 0.029456	 0.052992	 0.003428	 HL	 up	 80	 94
hfren16_run_12.avi	 0.006465	 0.026094	 -0.001998	 0.000320	 0.001292	 -0.000099	 -0.008874	 -0.012809	 -0.006993	 0.026443	 0.056947	 0.002603	 HL	 up	 46	 59
hfren16_run_13.avi	 -0.003410	 0.016794	 0.002487	 -0.000232	 0.001142	 0.000169	 -0.013661	 -0.001595	 -0.006021	 0.004469	 0.028986	 0.006064	 FL	 up	 61	 78
hfren16_run_13.avi	 0.004685	 0.015253	 0.000751	 0.000425	 0.001382	 0.000068	 -0.006694	 -0.035385	 -0.015209	 0.015792	 0.034290	 0.009387	 HL	 up	 78	 101
hfren16_run_14.avi	 0.000736	 0.007586	 -0.004671	 0.000019	 0.000200	 -0.000123	 -0.012400	 -0.001316	 -0.022354	 0.018010	 0.048139	 0.001868	 FL	 down	 36	 42
hfren16_run_14.avi	 0.032464	 0.034072	 0.001782	 0.001321	 0.001387	 0.000072	 -0.002823	 -0.007719	 -0.010694	 0.129970	 0.123000	 0.015689	 HL	 down	 43	 53
hfren16_run_15.avi	 -0.009794	 0.009032	 0.001661	 -0.000518	 0.000478	 0.000088	 -0.021982	 -0.004085	 -0.012265	 0.000607	 0.022101	 0.007341	 FL	 up	 50	 63
hfren16_run_15.avi	 0.008460	 0.018004	 -0.001081	 0.000538	 0.001145	 -0.000069	 -0.009824	 -0.004085	 -0.008225	 0.031598	 0.047954	 0.003147	 HL	 up	 62	 78
hfren16_run_17.avi	 -0.007083	 0.011411	 0.002332	 -0.000394	 0.000636	 0.000130	 -0.013640	 -0.004804	 -0.008568	 0.000466	 0.023449	 0.006135	 FL	 up	 51	 64
hfren16_run_17.avi	 0.008621	 0.028343	 -0.001708	 0.000513	 0.001687	 -0.000102	 -0.005361	 -0.004049	 -0.008267	 0.030684	 0.065917	 0.004548	 HL	 up	 64	 79
hfren16_run_18.avi	 0.013137	 0.008700	 0.000817	 0.000398	 0.000264	 0.000025	 -0.000430	 -0.001006	 -0.016300	 0.031460	 0.018556	 0.006984	 FL	 down	 33	 40
hfren16_run_18.avi	 0.024709	 0.029925	 0.003491	 0.001416	 0.001715	 0.000200	 -0.001407	 -0.008634	 -0.003157	 0.084507	 0.093104	 0.014329	 HL	 down	 40	 54
hfren17_run_02.avi	 -0.004829	 0.012292	 0.003005	 -0.000240	 0.000610	 0.000149	 -0.012182	 -0.000520	 -0.002909	 0.000313	 0.026438	 0.006547	 FL	 up	 49	 61
hfren17_run_02.avi	 0.020102	 0.017871	 -0.002347	 0.000945	 0.000840	 -0.000110	 -0.002355	 -0.000536	 -0.005357	 0.046042	 0.041588	 0.000636	 HL	 up	 61	 73
hfren17_run_03.avi	 0.018516	 0.020145	 0.002452	 0.000604	 0.000657	 0.000080	 -0.000908	 -0.003240	 -0.002017	 0.048304	 0.052471	 0.009760	 HL	 down	 33	 41
hfren17_run_04.avi	 0.005143	 0.006726	 -0.000761	 0.000185	 0.000242	 -0.000027	 -0.004754	 -0.000550	 -0.004373	 0.021638	 0.020863	 0.002305	 FL	 down	 32	 41
hfren17_run_04.avi	 0.014845	 0.013657	 0.001644	 0.000588	 0.000541	 0.000065	 -0.000133	 -0.000422	 -0.000932	 0.024773	 0.024224	 0.003376	 HL	 down	 40	 50
hfren17_run_05.avi	 -0.001311	 0.013889	 0.003060	 -0.000090	 0.000954	 0.000210	 -0.006773	 -0.000582	 -0.000274	 0.003484	 0.027613	 0.007362	 FL	 up	 93	 110
hfren17_run_05.avi	 0.004144	 0.008530	 0.002899	 0.000246	 0.000507	 0.000172	 -0.000356	 -0.000380	 0.000003	 0.007774	 0.017762	 0.006019	 HL	 up	 110	 125
hfren17_run_06.avi	 -0.002794	 0.003496	 -0.001977	 -0.000139	 0.000174	 -0.000098	 -0.008175	 -0.001070	 -0.006853	 0.001056	 0.006793	 0.000605	 FR	 down	 60	 72
hfren17_run_06.avi	 -0.004655	 0.015526	 0.002726	 -0.000303	 0.001012	 0.000178	 -0.011946	 -0.001083	 -0.000752	 0.000167	 0.031451	 0.005917	 HR	 down	 72	 88
hfren17_run_07.avi	 0.000277	 0.013985	 0.002701	 0.000017	 0.000850	 0.000164	 -0.003941	 0.000005	 -0.000370	 0.004381	 0.023542	 0.004634	 FL	 up	 21	 36
hfren17_run_07.avi	 0.012350	 0.017032	 0.003158	 0.000830	 0.001144	 0.000212	 -0.004562	 0.001063	 -0.002987	 0.031512	 0.033083	 0.007155	 FR	 up	 36	 52
hfren17_run_08.avi	 -0.006274	 0.020246	 0.004024	 -0.000223	 0.000721	 0.000143	 -0.015941	 -0.001899	 -0.003317	 0.001633	 0.035704	 0.008273	 HR	 down	 46	 55
hfren17_run_09.avi	 -0.000367	 0.014468	 0.003985	 -0.000021	 0.000827	 0.000228	 -0.010983	 -0.000818	 -0.001110	 0.004986	 0.029632	 0.008574	 FL	 up	 45	 59
hfren17_run_09.avi	 0.005407	 0.014232	 -0.000192	 0.000359	 0.000945	 -0.000013	 -0.008270	 -0.000002	 -0.004991	 0.018059	 0.023932	 0.003450	 HL	 up	 58	 75
hfren17_run_10.avi	 0.000180	 0.010247	 0.001910	 0.000014	 0.000790	 0.000147	 -0.003049	 -0.000638	 -0.001116	 0.003529	 0.021177	 0.003993	 FL	 up	 43	 62
hfren17_run_10.avi	 0.010070	 0.013045	 -0.002019	 0.000843	 0.001092	 -0.000169	 -0.000655	 -0.001103	 -0.005526	 0.018915	 0.028294	 0.000415	 HL	 up	 88	 109
hfren17_run_11.avi	 0.000461	 0.005071	 -0.001844	 0.000018	 0.000198	 -0.000072	 -0.004831	 -0.000891	 -0.004675	 0.006690	 0.008806	 0.000857	 FR	 down	 44	 53
hfren17_run_11.avi	 -0.007434	 0.013001	 0.001986	 -0.000300	 0.000524	 0.000080	 -0.014445	 -0.001200	 -0.000933	 0.000353	 0.026096	 0.005240	 HR	 down	 53	 63
hfren17_run_12.avi	 -0.009013	 0.005518	 0.004179	 -0.000352	 0.000215	 0.000163	 -0.022430	 -0.001229	 -0.007193	 0.000865	 0.014709	 0.010513	 FL	 up	 45	 55
hfren17_run_12.avi	 0.015373	 0.019215	 -0.003913	 0.000718	 0.000897	 -0.000183	 -0.000411	 -0.001229	 -0.009511	 0.032932	 0.039991	 0.000414	 HL	 up	 55	 66
hfren17_run_13.avi	 0.008726	 0.012112	 0.003277	 0.000387	 0.000538	 0.000146	 -0.001042	 -0.001745	 -0.002357	 0.020397	 0.028863	 0.007926	 FR	 up	 26	 37
hfren17_run_13.avi	 -0.005869	 0.009455	 -0.003883	 -0.000219	 0.000354	 -0.000145	 -0.015064	 -0.003208	 -0.012159	 0.002455	 0.025674	 0.000778	 HR	 up	 37	 46
hfren17_run_13.avi	 0.011723	 0.014747	 -0.002131	 0.000626	 0.000788	 -0.000114	 -0.004356	 -0.008251	 -0.006249	 0.031502	 0.037948	 0.001332	 HL	 up	 46	 59
hfren17_run_14.avi	 -0.009980	 0.005780	 0.002299	 -0.000379	 0.000220	 0.000088	 -0.025923	 -0.012380	 -0.004428	 0.007360	 0.014668	 0.006948	 FL	 up	 37	 46
hfren17_run_14.avi	 0.016435	 0.022438	 -0.003971	 0.000615	 0.000839	 -0.000148	 -0.002171	 -0.004594	 -0.007524	 0.038700	 0.054624	 0.000499	 HL	 up	 46	 55
hfren17_run_15.avi	 0.012418	 0.012840	 0.000623	 0.000719	 0.000744	 0.000036	 -0.000587	 -0.002634	 -0.004604	 0.036536	 0.038369	 0.006970	 HL	 down	 33	 47
hfren17_run_16.avi	 0.003993	 0.007431	 -0.001569	 0.000101	 0.000189	 -0.000040	 -0.010869	 -0.001269	 -0.012664	 0.019921	 0.021734	 0.003405	 FL	 down	 29	 35
hfren17_run_16.avi	 0.021247	 0.025248	 0.002177	 0.000623	 0.000740	 0.000064	 -0.001502	 -0.001882	 -0.002589	 0.056598	 0.057726	 0.009628	 HL	 down	 35	 42
hfren17_run_17.avi	 -0.007623	 0.008493	 0.003010	 -0.000347	 0.000386	 0.000137	 -0.014815	 -0.002148	 -0.004400	 0.003158	 0.019947	 0.006696	 FL	 up	 51	 62
hfren17_run_17.avi	 -0.007242	 0.009609	 -0.003454	 -0.000354	 0.000470	 -0.000169	 -0.016596	 -0.000133	 -0.007138	 0.001325	 0.018989	 0.000423	 HR	 up	 73	 86
hfren17_run_18.avi	 -0.006769	 0.006597	 0.002927	 -0.000267	 0.000261	 0.000116	 -0.017565	 -0.000516	 -0.004171	 0.002013	 0.017106	 0.008421	 FL	 up	 44	 54
hfren17_run_18.avi	 0.010337	 0.009943	 -0.002766	 0.000457	 0.000439	 -0.000122	 -0.000780	 -0.000609	 -0.007637	 0.026735	 0.022510	 0.000936	 HL	 up	 54	 65
hfren17_run_19.avi	 -0.005993	 0.005518	 0.003221	 -0.000301	 0.000277	 0.000162	 -0.010501	 -0.001627	 -0.004016	 0.001394	 0.011435	 0.007824	 FL	 up	 54	 67
hfren17_run_19.avi	 0.007350	 0.012722	 0.000013	 0.000417	 0.000721	 0.000001	 -0.001160	 -0.000741	 -0.004250	 0.021347	 0.028602	 0.003557	 HL	 up	 66	 81
hfren17_run_20.avi	 -0.003132	 0.009305	 0.002794	 -0.000187	 0.000553	 0.000166	 -0.012670	 -0.000607	 -0.001714	 0.006130	 0.015456	 0.006124	 FL	 up	 31	 46
hfren17_run_20.avi	 0.012086	 0.015589	 -0.003184	 0.000617	 0.000796	 -0.000163	 0.000887	 0.000841	 -0.005605	 0.020215	 0.030307	 0.001085	 HL	 up	 46	 59
hfren18_run_01.avi	 -0.005751	 0.006113	 -0.006768	 -0.000176	 0.000187	 -0.000207	 -0.028000	 -0.000826	 -0.038122	 0.007572	 0.044031	 0.001917	 FL	 down	 26	 34
hfren18_run_01.avi	 0.020284	 0.041139	 0.006250	 0.000629	 0.001275	 0.000194	 -0.002936	 0.000687	 -0.002232	 0.037195	 0.076789	 0.018573	 HL	 down	 33	 41
hfren18_run_02.avi	 0.021063	 0.010245	 0.003034	 0.000929	 0.000452	 0.000134	 -0.003321	 -0.008995	 -0.004704	 0.062867	 0.038555	 0.014106	 FR	 up	 38	 49
hfren18_run_02.avi	 0.001971	 -0.022949	 0.002732	 0.000099	 -0.001150	 0.000137	 -0.006726	 -0.102460	 -0.003108	 0.009887	 0.007309	 0.013625	 HR	 up	 46	 58
hfren18_run_03.avi	 -0.016071	 0.045555	 0.004332	 -0.000450	 0.001275	 0.000121	 -0.033146	 -0.000759	 -0.009646	 -0.000478	 0.092780	 0.015621	 HR	 down	 28	 35
hfren18_run_04.avi	 -0.000604	 0.008360	 -0.005870	 -0.000017	 0.000231	 -0.000162	 -0.008091	 -0.000471	 -0.021754	 0.012486	 0.049133	 0.000192	 FL	 down	 26	 33
hfren18_run_04.avi	 0.025829	 0.035250	 0.000389	 0.000749	 0.001022	 0.000011	 -0.001142	 0.000727	 -0.006096	 0.056755	 0.069412	 0.008307	 HL	 down	 33	 40
hfren18_run_05.avi	 -0.007681	 0.012627	 0.004351	 -0.000375	 0.000618	 0.000213	 -0.017316	 -0.003355	 -0.007508	 -0.000098	 0.036532	 0.013136	 FL	 up	 59	 71
hfren18_run_05.avi	 0.013621	 0.019386	 -0.003651	 0.000789	 0.001123	 -0.000211	 -0.002820	 -0.003218	 -0.006500	 0.036929	 0.045946	 -0.000039	 HL	 up	 71	 85
hfren18_run_06.avi	 -0.001454	 0.003972	 0.000048	 -0.000042	 0.000115	 0.000001	 -0.005139	 -0.006147	 -0.013024	 0.003583	 0.011205	 0.003492	 FL	 up	 36	 43
hfren18_run_06.avi	 -0.006281	 0.003643	 0.001205	 -0.000350	 0.000203	 0.000067	 -0.020665	 -0.001825	 -0.005413	 0.001463	 0.007010	 0.005983	 HL	 up	 43	 57
hfren18_run_07.avi	 0.028572	 0.032170	 0.002263	 0.000783	 0.000882	 0.000062	 -0.000308	 -0.004118	 -0.006412	 0.055297	 0.067653	 0.012434	 HL	 down	 27	 34
hfren18_run_08.avi	 -0.010585	 0.029968	 0.000768	 -0.000313	 0.000887	 0.000023	 -0.034910	 -0.001249	 -0.010553	 0.005206	 0.058035	 0.006363	 HR	 down	 28	 36
hfren18_run_09.avi	 -0.005794	 0.009418	 0.002047	 -0.000253	 0.000412	 0.000090	 -0.015500	 -0.009867	 -0.007617	 0.004589	 0.027490	 0.007055	 FL	 up	 50	 61
hfren18_run_09.avi	 0.007743	 0.015630	 -0.001223	 0.000357	 0.000721	 -0.000056	 -0.006777	 -0.007452	 -0.005374	 0.020193	 0.034164	 0.001339	 HL	 up	 61	 72
hfren18_run_10.avi	 -0.011020	 0.024869	 0.002112	 -0.000278	 0.000627	 0.000053	 -0.024910	 -0.007055	 -0.006906	 0.001154	 0.060083	 0.010839	 HR	 down	 25	 31
hfren18_run_11.avi	 -0.002029	 0.007584	 -0.004142	 -0.000038	 0.000143	 -0.000078	 -0.020410	 -0.001327	 -0.025528	 0.012400	 0.038211	 0.002229	 FR	 down	 23	 27
hfren18_run_11.avi	 -0.012219	 0.034648	 0.007492	 -0.000304	 0.000863	 0.000187	 -0.033273	 -0.004620	 -0.000346	 0.000812	 0.074220	 0.016913	 HR	 down	 29	 36
hfren18_run_12.avi	 -0.015740	 0.006081	 0.004418	 -0.000623	 0.000241	 0.000175	 -0.031987	 -0.002867	 -0.003633	 -0.000271	 0.015372	 0.010720	 FL	 up	 44	 54
hfren18_run_12.avi	 0.007010	 0.016228	 -0.001558	 0.000320	 0.000740	 -0.000071	 -0.002041	 -0.005451	 -0.003942	 0.020409	 0.034890	 0.000548	 HL	 up	 54	 66
hfren18_run_13.avi	 0.001616	 0.008969	 -0.004918	 0.000058	 0.000324	 -0.000178	 -0.008913	 -0.000391	 -0.014469	 0.014172	 0.033190	 0.000595	 FL	 down	 37	 46
hfren18_run_13.avi	 0.016367	 0.025502	 0.002381	 0.000664	 0.001035	 0.000097	 -0.000735	 -0.003070	 -0.000582	 0.030010	 0.047554	 0.005939	 HL	 down	 46	 56
hfren18_run_15.avi	 0.000435	 0.033413	 0.002082	 0.000012	 0.000905	 0.000056	 -0.017538	 -0.002632	 -0.002461	 0.015463	 0.069108	 0.009414	 HR	 down	 28	 35
hfren18_run_16.avi	 -0.003484	 0.011372	 0.001522	 -0.000177	 0.000578	 0.000078	 -0.009515	 -0.006088	 -0.008273	 0.004454	 0.032342	 0.008279	 FL	 up	 47	 59
hfren18_run_16.avi	 0.013957	 0.030055	 -0.001359	 0.000674	 0.001452	 -0.000065	 -0.004503	 -0.003449	 -0.009560	 0.033172	 0.068042	 0.005557	 HL	 up	 59	 71
hfren18_run_17.avi	 -0.004035	 0.013972	 0.004882	 -0.000244	 0.000847	 0.000296	 -0.007975	 -0.003272	 -0.004908	 0.003576	 0.026710	 0.010313	 FL	 up	 74	 89
hfren18_run_17.avi	 0.007678	 0.019592	 -0.000771	 0.000618	 0.001577	 -0.000062	 -0.004693	 -0.001513	 -0.006146	 0.015806	 0.039526	 0.001726	 HL	 up	 90	 110
hfren18_run_18.avi	 0.013311	 0.016834	 0.002733	 0.000886	 0.001121	 0.000182	 -0.000285	 -0.003255	 -0.002838	 0.024418	 0.030310	 0.005755	 FR	 up	 81	 98
hfren18_run_18.avi	 0.004288	 0.017540	 0.000517	 0.000339	 0.001386	 0.000041	 -0.000812	 -0.001305	 -0.005560	 0.010148	 0.031447	 0.007038	 HR	 up	 98	 118
hfren18_run_20.avi	 -0.010689	 0.003716	 0.002990	 -0.000348	 0.000121	 0.000098	 -0.023985	 -0.003125	 -0.004429	 0.006357	 0.010707	 0.007147	 FL	 up	 35	 43
hfren18_run_20.avi	 -0.003705	 0.009399	 0.000400	 -0.000146	 0.000371	 0.000016	 -0.009598	 -0.003061	 -0.004332	 0.000705	 0.023122	 0.004862	 HL	 up	 43	 53
hfren18_run_21.avi	 0.000780	 0.011538	 -0.003066	 0.000043	 0.000643	 -0.000171	 -0.010386	 -0.006148	 -0.009596	 0.016209	 0.029149	 0.000868	 HL	 up	 62	 76
hfren18_run_22.avi	 -0.005718	 0.011097	 0.001623	 -0.000329	 0.000638	 0.000093	 -0.012565	 -0.004125	 -0.004153	 0.000215	 0.030159	 0.005356	 FL	 up	 46	 61
hfren18_run_22.avi	 0.003450	 0.013138	 -0.001786	 0.000213	 0.000811	 -0.000110	 -0.004982	 -0.002711	 -0.005600	 0.011535	 0.027388	 0.001316	 HL	 up	 61	 76
