1.000000	 -0.001768	 -0.000263	 -0.000104
2.000000	 0.002196	 -0.003055	 0.001678
3.000000	 -0.000018	 -0.000074	 0.000778
4.000000	 0.000088	 -0.000022	 0.001687
5.000000	 -0.000271	 -0.000200	 -0.002843
6.000000	 0.000472	 -0.000681	 0.001675
7.000000	 -0.000089	 0.002524	 0.005346
8.000000	 0.001007	 -0.001423	 -0.000121
9.000000	 -0.000305	 -0.000765	 -0.002833
10.000000	 -0.000349	 0.000617	 0.001694
11.000000	 -0.000632	 -0.000434	 -0.001031
12.000000	 -0.000483	 0.000220	 -0.002852
13.000000	 0.000168	 -0.000828	 -0.001950
14.000000	 -0.000565	 0.001025	 0.001690
15.000000	 0.000580	 0.001190	 0.001692
16.000000	 0.001628	 0.000420	 -0.000130
17.000000	 0.000282	 -0.000931	 -0.003735
18.000000	 0.001854	 -0.000938	 0.004408
19.000000	 0.000354	 -0.000375	 -0.000118
20.000000	 0.001468	 -0.001489	 0.000762
21.000000	 0.000281	 0.000140	 -0.001038
22.000000	 -0.000022	 -0.000065	 0.000778
23.000000	 -0.000936	 -0.000277	 -0.000100
24.000000	 -0.000053	 -0.000980	 -0.000134
25.000000	 -0.000512	 0.001058	 0.002595
26.000000	 -0.000079	 -0.000091	 -0.000127
27.000000	 0.000001	 0.000855	 -0.000117
28.000000	 -0.000135	 -0.000118	 -0.001032
29.000000	 0.000799	 0.000458	 -0.000134
30.000000	 -0.001474	 0.000476	 0.000791
31.000000	 0.000296	 -0.000397	 -0.001023
32.000000	 -0.000500	 0.000549	 -0.000115
33.000000	 0.000852	 -0.000061	 -0.000119
34.000000	 -0.000472	 -0.000881	 -0.000112
35.000000	 0.000198	 -0.000798	 -0.001048
36.000000	 0.000048	 -0.000518	 -0.003744
37.000000	 -0.002663	 0.002108	 -0.001008
38.000000	 -0.000055	 -0.000973	 -0.000134
39.000000	 -0.000001	 0.000860	 -0.000116
40.000000	 -0.000778	 -0.000491	 -0.002842
41.000000	 -0.000082	 -0.000084	 -0.000127
42.000000	 0.000518	 0.001175	 0.000787
43.000000	 0.000683	 0.000711	 0.002611
44.000000	 -0.000859	 -0.001127	 0.000798
45.000000	 0.000849	 -0.000055	 -0.000119
46.000000	 0.000276	 0.000152	 -0.001037
47.000000	 0.000293	 -0.000390	 -0.001023
48.000000	 0.001626	 -0.000136	 0.001698
49.000000	 0.000756	 -0.000460	 -0.000140
50.000000	 0.001912	 -0.001191	 0.000756
51.000000	 -0.000246	 -0.000215	 0.003499
52.000000	 0.000151	 -0.000458	 -0.002834
53.000000	 -0.001832	 0.002419	 0.000830
54.000000	 0.000463	 0.000553	 0.005333
55.000000	 -0.000011	 -0.000592	 0.000792
56.000000	 0.000274	 0.000157	 -0.001037
57.000000	 0.000180	 0.000410	 0.002612
58.000000	 -0.000378	 0.001201	 -0.001034
59.000000	 -0.000864	 0.000328	 0.000795
60.000000	 -0.000086	 -0.000075	 -0.000127
61.000000	 0.000346	 -0.000355	 -0.000118
62.000000	 0.000668	 -0.000709	 0.000795
63.000000	 -0.000742	 0.003298	 0.000793
64.000000	 -0.000167	 -0.000333	 0.000812
65.000000	 0.001052	 -0.001368	 0.000783
66.000000	 -0.000561	 -0.001267	 -0.000133
67.000000	 -0.000951	 0.001716	 0.001702
68.000000	 0.002058	 -0.002868	 -0.001977
69.000000	 0.001339	 0.001157	 0.000791
70.000000	 -0.001508	 0.001389	 -0.000107
71.000000	 -0.000062	 -0.000957	 -0.000134
72.000000	 0.000104	 0.000932	 0.001693
73.000000	 -0.000709	 0.002253	 -0.001002
74.000000	 -0.000977	 0.000809	 0.001690
75.000000	 0.000287	 -0.000376	 -0.001023
76.000000	 -0.001141	 0.002535	 -0.001011
77.000000	 0.000269	 0.000167	 -0.001037
78.000000	 -0.001115	 0.001642	 -0.000112
79.000000	 -0.000739	 0.001278	 0.004432
80.000000	 -0.000974	 0.000644	 -0.000999
81.000000	 -0.001028	 -0.001188	 -0.001016
82.000000	 0.000268	 0.000170	 -0.001037
83.000000	 -0.000812	 0.000725	 0.000815
84.000000	 -0.001372	 0.001818	 0.001723
85.000000	 0.000154	 -0.000794	 -0.001950
86.000000	 0.000502	 -0.000565	 -0.002860
87.000000	 0.000804	 -0.000358	 -0.004675
88.000000	 -0.001011	 0.000278	 -0.001921
89.000000	 0.001813	 -0.001222	 -0.000148
90.000000	 -0.001021	 0.001700	 -0.000108
91.000000	 0.001672	 -0.001292	 -0.001959
92.000000	 -0.000612	 -0.000072	 0.003525
93.000000	 -0.000871	 0.000351	 -0.000110
94.000000	 -0.001259	 0.001530	 0.002611
95.000000	 0.000934	 -0.001409	 -0.001026
96.000000	 0.001812	 -0.001218	 -0.000148
97.000000	 -0.001260	 0.001531	 0.002611
98.000000	 0.001804	 0.000508	 0.005319
99.000000	 -0.000514	 0.000582	 -0.000115
100.000000	 0.000809	 -0.002378	 -0.001938
101.000000	 0.000876	 -0.001791	 -0.001046
102.000000	 -0.000077	 -0.000598	 -0.000113
103.000000	 -0.001104	 0.000761	 -0.000119
104.000000	 0.000124	 0.000109	 -0.002848
105.000000	 0.001478	 -0.001075	 -0.000122
106.000000	 -0.001341	 0.000646	 -0.002839
107.000000	 -0.000280	 -0.000692	 -0.001931
108.000000	 0.000633	 0.000419	 -0.001944
109.000000	 -0.000489	 -0.000308	 0.000783
110.000000	 0.000564	 -0.001285	 -0.001000
111.000000	 -0.000490	 -0.000300	 -0.000122
112.000000	 0.000892	 0.000005	 0.000786
113.000000	 -0.000263	 0.000718	 0.002604
114.000000	 -0.000888	 0.000929	 -0.002840
115.000000	 -0.000127	 0.002049	 0.002635
116.000000	 0.001091	 -0.001677	 0.001673
117.000000	 0.000364	 0.000594	 -0.000112
118.000000	 -0.001364	 -0.000483	 -0.000099
119.000000	 -0.000809	 0.001821	 0.002611
120.000000	 -0.000889	 0.000925	 -0.001935
121.000000	 -0.000956	 -0.000230	 -0.000100
122.000000	 0.000260	 0.000189	 -0.001037
123.000000	 0.000137	 -0.000473	 0.001701
124.000000	 -0.000383	 -0.000737	 -0.003738
125.000000	 0.000119	 0.000064	 0.002592
126.000000	 0.001833	 -0.000837	 -0.000127
127.000000	 0.000651	 -0.002796	 -0.002868
128.000000	 -0.000099	 -0.000042	 -0.000127
129.000000	 0.000625	 -0.001599	 0.000789
130.000000	 0.001191	 -0.001207	 -0.002842
131.000000	 -0.000237	 -0.000328	 -0.000092
132.000000	 -0.000548	 -0.002129	 0.000766
133.000000	 0.000394	 0.001168	 -0.000122
134.000000	 -0.000797	 -0.000138	 0.000809
135.000000	 0.000229	 -0.002154	 -0.002856
136.000000	 0.000943	 0.000044	 0.001690
137.000000	 -0.001347	 0.000661	 -0.002839
138.000000	 -0.000824	 0.000394	 0.001700
139.000000	 0.000363	 0.000249	 -0.000128
140.000000	 0.000724	 -0.000061	 -0.001029
141.000000	 -0.001406	 0.002384	 0.000809
142.000000	 0.001244	 0.000253	 -0.000125
143.000000	 0.001406	 0.000333	 0.001689
144.000000	 0.000626	 0.000436	 -0.001944
145.000000	 0.000992	 0.000072	 0.001695
146.000000	 -0.002327	 0.000610	 -0.002847
147.000000	 -0.000369	 0.000349	 -0.000136
148.000000	 -0.000707	 -0.000032	 -0.002821
149.000000	 -0.000498	 -0.000282	 -0.000122
150.000000	 -0.000963	 -0.000567	 -0.000121
151.000000	 0.001187	 0.000230	 -0.001030
152.000000	 -0.001468	 0.001505	 -0.003737
153.000000	 -0.001058	 -0.000399	 -0.002871
154.000000	 -0.000371	 0.000304	 0.004399
155.000000	 0.001348	 0.000311	 0.000785
156.000000	 0.000563	 -0.001614	 -0.000116
157.000000	 -0.000993	 0.000898	 -0.002844
158.000000	 0.000333	 0.001096	 0.004414
159.000000	 0.000526	 -0.001936	 -0.004671
160.000000	 -0.000166	 0.000848	 -0.001927
161.000000	 0.000497	 -0.000579	 0.002580
162.000000	 -0.000033	 -0.000590	 0.005327
163.000000	 0.001384	 -0.001448	 -0.000142
164.000000	 -0.000273	 0.000798	 -0.002837
165.000000	 0.000430	 -0.000555	 -0.003765
166.000000	 0.001578	 -0.000990	 0.001688
167.000000	 -0.000230	 -0.000630	 -0.002829
168.000000	 -0.000491	 -0.000433	 -0.002812
169.000000	 0.000111	 0.000141	 -0.002848
170.000000	 0.000880	 0.000033	 0.000786
171.000000	 -0.000081	 -0.000860	 -0.004668
172.000000	 -0.001189	 0.000232	 -0.002830
173.000000	 -0.000026	 -0.000880	 0.000771
174.000000	 0.000509	 0.000339	 0.001686
175.000000	 0.000297	 0.000594	 -0.001017
176.000000	 -0.000713	 -0.000068	 0.001714
177.000000	 0.001809	 -0.001506	 -0.001979
178.000000	 0.001126	 -0.001268	 0.001693
179.000000	 0.000973	 -0.001341	 -0.000121
180.000000	 -0.000530	 0.000621	 -0.000115
181.000000	 -0.000518	 0.000083	 -0.000105
182.000000	 -0.000646	 0.000733	 0.000765
183.000000	 -0.000705	 0.001054	 0.000781
184.000000	 -0.000037	 -0.000530	 0.000792
185.000000	 -0.000137	 0.000879	 -0.001025
186.000000	 -0.000902	 0.000957	 -0.001935
187.000000	 0.000520	 -0.001972	 -0.000136
188.000000	 0.000956	 0.000630	 0.001681
189.000000	 0.000548	 0.000730	 0.001702
190.000000	 -0.001055	 0.000836	 0.000786
191.000000	 -0.000038	 -0.000527	 0.000792
192.000000	 -0.001174	 0.001317	 0.000772
193.000000	 0.000041	 0.000420	 0.000803
194.000000	 -0.001971	 0.000325	 -0.004648
195.000000	 0.001343	 -0.000194	 -0.001020
196.000000	 -0.000657	 0.001084	 0.000786
197.000000	 -0.000125	 0.000503	 0.002583
198.000000	 -0.000972	 -0.000544	 -0.000121
199.000000	 -0.000182	 0.000532	 -0.003762
200.000000	 -0.001943	 -0.001140	 -0.001019
201.000000	 0.000856	 -0.001743	 -0.001046
202.000000	 -0.000972	 -0.000191	 -0.000100
203.000000	 -0.001616	 0.002312	 -0.001005
204.000000	 0.001232	 0.000283	 -0.000125
205.000000	 -0.000084	 0.001274	 -0.001005
206.000000	 -0.001055	 0.000621	 0.003537
207.000000	 0.000515	 -0.000128	 -0.003744
208.000000	 0.000817	 0.000023	 -0.000119
209.000000	 0.000261	 -0.000312	 -0.001023
210.000000	 0.000379	 0.001205	 -0.000122
211.000000	 -0.000631	 0.002013	 0.000792
212.000000	 0.000872	 0.000053	 0.000786
213.000000	 0.000072	 -0.000809	 0.001681
214.000000	 0.000513	 -0.000180	 0.001696
215.000000	 0.001230	 0.000289	 -0.000125
216.000000	 0.001456	 -0.002233	 -0.003779
217.000000	 -0.000009	 -0.001697	 -0.003770
218.000000	 0.000486	 0.000716	 0.000797
219.000000	 -0.000813	 -0.000097	 0.000809
220.000000	 -0.000594	 0.000612	 -0.001020
221.000000	 0.000091	 0.000517	 -0.003732
222.000000	 -0.000538	 0.000641	 -0.000115
223.000000	 0.000258	 -0.000305	 -0.001023
224.000000	 0.000539	 0.001340	 -0.002842
225.000000	 0.000893	 0.000619	 0.000776
226.000000	 0.001334	 0.000345	 0.000785
227.000000	 -0.000088	 0.001284	 -0.001005
228.000000	 0.000673	 -0.000038	 -0.001930
229.000000	 -0.000991	 0.000039	 -0.002851
230.000000	 0.000947	 0.000650	 0.001681
231.000000	 0.001528	 0.000145	 -0.001055
232.000000	 -0.001035	 -0.000555	 -0.001025
233.000000	 0.000947	 0.000707	 -0.003759
234.000000	 0.000115	 -0.000427	 0.002607
235.000000	 0.000453	 -0.000198	 0.000791
236.000000	 0.000483	 0.000724	 0.000798
237.000000	 -0.000039	 -0.000856	 0.001677
238.000000	 0.000961	 -0.001313	 -0.000121
239.000000	 -0.002202	 0.001085	 -0.002822
240.000000	 0.000399	 0.000325	 0.000777
241.000000	 -0.000216	 0.001390	 0.000780
242.000000	 0.000508	 -0.000167	 0.001696
243.000000	 0.000866	 0.000068	 0.000786
244.000000	 0.000425	 0.000700	 -0.000107
245.000000	 0.000425	 0.000701	 -0.000107
246.000000	 0.000809	 0.000041	 -0.000119
247.000000	 -0.000490	 0.000132	 -0.000101
248.000000	 0.001585	 -0.001244	 -0.002864
249.000000	 0.000121	 -0.000715	 -0.001949
250.000000	 0.000039	 0.000096	 0.001688
251.000000	 0.000341	 0.000302	 -0.000128
252.000000	 0.001422	 -0.001378	 0.000763
253.000000	 -0.001424	 0.000115	 -0.001014
254.000000	 0.002119	 -0.000921	 -0.001058
255.000000	 -0.000193	 0.000503	 0.001679
256.000000	 0.000686	 0.001051	 0.001672
257.000000	 -0.000113	 0.001449	 0.001689
258.000000	 0.000919	 0.000159	 -0.003750
259.000000	 -0.000376	 -0.001911	 -0.002860
260.000000	 -0.000342	 -0.001212	 -0.000102
261.000000	 -0.001135	 0.000837	 -0.000119
262.000000	 0.000395	 0.000336	 0.000777
263.000000	 0.000138	 0.001635	 -0.000130
264.000000	 0.001117	 -0.001522	 -0.002863
265.000000	 0.000249	 -0.000285	 -0.001023
266.000000	 0.000082	 0.000483	 0.001708
267.000000	 0.000652	 -0.001806	 -0.002861
268.000000	 0.000065	 0.001026	 0.001694
269.000000	 -0.000732	 -0.000023	 0.001714
270.000000	 0.001501	 -0.000968	 0.000783
271.000000	 0.000064	 0.001084	 -0.003747
272.000000	 -0.000264	 -0.002423	 0.001680
273.000000	 0.000874	 -0.002241	 -0.000131
274.000000	 -0.000495	 0.000145	 -0.000101
275.000000	 -0.000920	 0.001007	 -0.002840
276.000000	 0.000650	 -0.001802	 -0.002861
277.000000	 -0.000196	 -0.000550	 -0.001924
278.000000	 0.000079	 0.001558	 0.004405
279.000000	 -0.000112	 -0.000512	 -0.000112
280.000000	 0.000418	 0.000718	 -0.000107
281.000000	 0.000786	 -0.000469	 -0.002830
282.000000	 0.000081	 -0.001315	 0.002596
283.000000	 -0.000675	 0.001126	 0.000786
284.000000	 -0.001236	 0.000802	 -0.001028
285.000000	 -0.000563	 0.001239	 -0.002845
286.000000	 -0.000619	 0.001211	 -0.003750
287.000000	 -0.000551	 0.000672	 -0.000115
288.000000	 0.001580	 -0.001769	 -0.002854
289.000000	 0.000022	 0.000466	 0.000803
290.000000	 -0.000237	 0.000285	 0.003520
291.000000	 0.002123	 0.000526	 0.000759
292.000000	 0.001971	 -0.001023	 0.001666
293.000000	 -0.001631	 0.001811	 -0.000995
294.000000	 0.001005	 -0.001559	 -0.003772
295.000000	 -0.000555	 0.002461	 0.000812
296.000000	 -0.000609	 0.000648	 -0.001019
297.000000	 -0.000213	 -0.000907	 -0.000137
298.000000	 -0.000497	 0.000705	 0.000790
299.000000	 0.001141	 -0.000282	 0.001700
300.000000	 0.000666	 -0.000358	 -0.000144
301.000000	 0.000798	 0.000012	 0.005322
302.000000	 -0.000160	 0.000935	 -0.001025
303.000000	 0.000836	 -0.001694	 -0.001046
304.000000	 -0.000751	 0.000532	 0.001704
305.000000	 -0.001113	 0.002130	 -0.000091
306.000000	 0.000003	 -0.000739	 -0.002858
307.000000	 0.000133	 0.000181	 0.001692
308.000000	 -0.001352	 -0.000669	 -0.004650
309.000000	 -0.000691	 -0.000291	 -0.001030
310.000000	 0.000412	 0.000732	 -0.000107
311.000000	 0.001070	 -0.002070	 -0.003753
312.000000	 0.000532	 -0.001539	 -0.000115
313.000000	 -0.000832	 -0.000052	 0.000809
314.000000	 -0.000738	 -0.000526	 -0.000091
315.000000	 0.001098	 -0.001202	 0.001694
316.000000	 -0.000192	 0.000020	 -0.001031
317.000000	 -0.000057	 0.000994	 -0.000116
318.000000	 0.000505	 -0.000642	 -0.001014
319.000000	 -0.000057	 0.000995	 -0.000116
320.000000	 0.001318	 -0.000134	 -0.001020
321.000000	 -0.001778	 0.001704	 0.001729
322.000000	 -0.000530	 -0.000743	 -0.000112
323.000000	 0.000666	 -0.000505	 -0.004640
324.000000	 -0.000602	 0.000123	 -0.001010
325.000000	 -0.001244	 0.000822	 -0.001028
326.000000	 -0.000045	 0.000623	 0.002588
327.000000	 0.000237	 -0.000255	 -0.001022
328.000000	 -0.001054	 -0.000509	 -0.001025
329.000000	 -0.000092	 0.000433	 -0.000106
330.000000	 -0.000494	 0.001938	 0.004447
331.000000	 0.001040	 0.001111	 0.002606
332.000000	 0.000341	 -0.000559	 0.000771
333.000000	 0.000407	 0.000743	 -0.000107
334.000000	 -0.000838	 0.000671	 0.004391
335.000000	 -0.000363	 0.000796	 0.001699
336.000000	 0.000095	 -0.000322	 -0.002833
337.000000	 -0.000167	 0.000952	 -0.001025
338.000000	 -0.000180	 0.001464	 0.001685
339.000000	 -0.001478	 0.001912	 0.000819
340.000000	 -0.000357	 0.001216	 -0.003725
341.000000	 -0.000562	 0.000698	 -0.000115
342.000000	 0.000255	 0.000830	 0.001678
343.000000	 -0.000198	 0.000033	 -0.001031
344.000000	 -0.001767	 -0.000552	 -0.004629
345.000000	 -0.000540	 0.000029	 -0.001967
346.000000	 0.000623	 0.000857	 0.002612
347.000000	 0.000037	 -0.000345	 -0.003738
348.000000	 -0.000169	 0.000957	 -0.001025
349.000000	 -0.000143	 0.000064	 -0.000126
350.000000	 -0.001087	 0.000913	 0.000786
351.000000	 -0.000254	 -0.001061	 -0.004633
352.000000	 0.000321	 0.000351	 -0.000127
353.000000	 0.000621	 0.000860	 0.002612
354.000000	 -0.000564	 0.000704	 -0.000115
355.000000	 -0.000365	 -0.000943	 -0.002853
356.000000	 0.001005	 0.000201	 0.002600
357.000000	 -0.000286	 -0.000052	 0.002598
358.000000	 0.001311	 -0.000116	 -0.001020
359.000000	 0.000094	 0.001449	 0.001714
360.000000	 0.000337	 -0.000188	 -0.000113
361.000000	 -0.000620	 -0.001125	 -0.000132
362.000000	 0.000239	 -0.000590	 -0.000138
363.000000	 -0.000469	 0.003144	 -0.002828
364.000000	 0.001820	 -0.001962	 0.000751
365.000000	 0.000238	 -0.000588	 -0.000138
366.000000	 -0.000019	 0.000711	 -0.001045
367.000000	 -0.000539	 -0.000721	 -0.000111
368.000000	 -0.000203	 0.000045	 -0.001031
369.000000	 0.000734	 0.000077	 -0.000123
370.000000	 0.000340	 -0.000123	 -0.004653
371.000000	 0.000284	 -0.000206	 -0.000118
372.000000	 0.000061	 0.000534	 0.001708
373.000000	 -0.000722	 0.000998	 -0.002815
374.000000	 -0.000870	 0.000865	 0.000816
375.000000	 0.001095	 -0.001525	 0.002578
376.000000	 0.000587	 -0.000051	 0.002606
377.000000	 0.000428	 0.000475	 -0.003758
378.000000	 -0.000872	 0.000565	 -0.003740
379.000000	 -0.000356	 -0.001287	 -0.001964
380.000000	 -0.001623	 -0.000302	 0.000781
381.000000	 -0.001175	 0.001787	 -0.000112
382.000000	 -0.001488	 0.000728	 -0.003743
383.000000	 -0.000124	 -0.000807	 -0.000133
384.000000	 0.000453	 0.000795	 0.000798
385.000000	 0.000453	 0.000796	 0.000798
386.000000	 -0.000150	 0.000082	 -0.000126
387.000000	 -0.002622	 -0.000304	 -0.005571
388.000000	 0.000683	 0.000393	 0.000807
389.000000	 -0.000927	 -0.000961	 0.000799
390.000000	 -0.001544	 0.001909	 -0.000086
391.000000	 -0.002733	 0.002278	 -0.001007
392.000000	 -0.000575	 0.000174	 -0.001005
393.000000	 0.001780	 -0.000702	 -0.001032
394.000000	 -0.000536	 0.001103	 -0.000999
395.000000	 -0.000070	 -0.000780	 0.001677
396.000000	 -0.000819	 0.000602	 -0.002835
397.000000	 0.001066	 -0.000207	 -0.004645
398.000000	 0.000873	 -0.001621	 -0.000141
399.000000	 0.001420	 -0.000934	 -0.000121
400.000000	 0.000223	 -0.000220	 -0.001022
401.000000	 0.000779	 0.000116	 -0.000119
402.000000	 -0.000902	 0.001772	 -0.000082
403.000000	 -0.001400	 0.000788	 -0.002839
404.000000	 0.000081	 -0.000289	 -0.002833
405.000000	 -0.000933	 0.000494	 0.000796
406.000000	 0.000008	 0.000171	 0.001688
407.000000	 0.001692	 0.000682	 0.000780
408.000000	 0.000921	 -0.001593	 -0.000136
409.000000	 0.001064	 -0.000208	 -0.003740
410.000000	 0.000527	 0.000486	 0.002592
411.000000	 0.002020	 -0.000053	 0.004399
412.000000	 0.000463	 -0.001303	 -0.001960
413.000000	 -0.000130	 -0.000793	 -0.000133
414.000000	 0.000036	 0.001096	 0.001694
415.000000	 -0.000459	 -0.000111	 0.001689
416.000000	 0.001550	 0.000622	 -0.001936
417.000000	 0.000061	 0.000260	 -0.002848
418.000000	 0.000669	 0.000072	 -0.001028
419.000000	 -0.000633	 0.000707	 -0.001019
420.000000	 -0.000877	 -0.000869	 -0.002831
421.000000	 0.000474	 -0.001859	 -0.000136
422.000000	 0.000869	 -0.001308	 0.004415
423.000000	 0.000587	 -0.000185	 -0.000088
424.000000	 -0.001520	 -0.000169	 -0.002849
425.000000	 0.000086	 -0.000631	 -0.001949
426.000000	 0.000156	 0.001737	 -0.000125
427.000000	 -0.001599	 0.000127	 -0.002824
428.000000	 -0.000215	 0.000074	 -0.001031
429.000000	 0.000084	 -0.000979	 -0.001970
430.000000	 -0.000452	 0.001379	 -0.001033
431.000000	 0.000810	 -0.001633	 -0.001045
432.000000	 0.001526	 -0.000505	 0.000804
433.000000	 0.001349	 0.000522	 -0.002845
434.000000	 -0.000525	 0.000770	 0.000790
435.000000	 0.000443	 0.000820	 0.000798
436.000000	 -0.000940	 0.000516	 -0.000109
437.000000	 -0.000939	 0.000510	 0.000796
438.000000	 0.000104	 0.000649	 -0.002827
439.000000	 0.001391	 -0.000926	 0.000779
440.000000	 0.000006	 -0.001778	 -0.001019
441.000000	 -0.000884	 0.000540	 0.001701
442.000000	 0.000468	 -0.000071	 0.001697
443.000000	 -0.000009	 0.000540	 0.000804
444.000000	 -0.000026	 0.001083	 0.000789
445.000000	 0.001538	 -0.001484	 -0.004698
446.000000	 -0.000089	 -0.000404	 0.000793
447.000000	 -0.000610	 -0.000711	 -0.001016
448.000000	 -0.000965	 -0.000045	 0.000806
449.000000	 0.001601	 -0.001120	 -0.001958
450.000000	 -0.000532	 -0.001332	 -0.003778
451.000000	 -0.000231	 -0.000466	 -0.001923
452.000000	 -0.001751	 0.002339	 0.002624
453.000000	 0.000551	 -0.001092	 -0.000094
454.000000	 -0.001573	 0.001413	 -0.002797
455.000000	 0.000305	 -0.001929	 -0.001044
456.000000	 0.000767	 -0.000215	 0.000766
457.000000	 0.000274	 0.001295	 -0.001026
458.000000	 0.001545	 0.000061	 0.001700
459.000000	 0.000139	 -0.000803	 0.000802
460.000000	 0.000861	 -0.001591	 -0.000141
461.000000	 -0.000003	 0.000253	 -0.003752
462.000000	 0.000408	 -0.000089	 0.000792
463.000000	 -0.000222	 0.000091	 -0.001031
464.000000	 -0.001722	 0.000605	 -0.001022
465.000000	 -0.001384	 -0.000594	 -0.004650
466.000000	 -0.000433	 0.000503	 -0.000135
467.000000	 -0.001207	 0.004152	 0.000806
468.000000	 -0.000419	 -0.000006	 -0.003747
469.000000	 0.001264	 -0.000973	 -0.001030
470.000000	 0.000380	 0.000809	 -0.000107
471.000000	 -0.000792	 0.000278	 -0.000130
472.000000	 0.001623	 0.000636	 0.004411
473.000000	 -0.000233	 0.002423	 0.000787
474.000000	 -0.001414	 0.000822	 -0.002838
475.000000	 -0.000535	 0.000242	 -0.000100
476.000000	 0.000515	 0.001785	 0.000809
477.000000	 -0.001891	 0.001378	 0.001709
478.000000	 0.001981	 -0.000554	 0.001687
479.000000	 -0.001250	 0.001807	 -0.001016
480.000000	 -0.000310	 0.000007	 0.002598
481.000000	 -0.000003	 -0.002116	 -0.000134
482.000000	 0.001215	 -0.001346	 -0.001051
483.000000	 0.001722	 -0.000465	 -0.002877
484.000000	 -0.001866	 0.000543	 -0.002833
485.000000	 0.001497	 -0.002270	 -0.001028
486.000000	 0.001048	 -0.000220	 0.000795
487.000000	 0.001458	 -0.000863	 0.000784
488.000000	 0.000275	 -0.000659	 -0.003729
489.000000	 -0.001902	 0.001784	 -0.003711
490.000000	 0.000471	 -0.000560	 -0.001013
491.000000	 -0.001401	 -0.000069	 -0.001940
492.000000	 0.001703	 -0.001950	 -0.000153
493.000000	 -0.000767	 0.001203	 0.000782
494.000000	 -0.000066	 0.000185	 0.000783
495.000000	 0.000348	 0.000503	 -0.004662
496.000000	 -0.001113	 0.000459	 -0.001018
497.000000	 0.000092	 0.000621	 0.002613
498.000000	 -0.000262	 -0.000459	 -0.001021
499.000000	 -0.001183	 0.000951	 -0.000118
500.000000	 -0.002114	 0.001282	 -0.001010
501.000000	 0.000291	 0.000423	 -0.000127
502.000000	 -0.000466	 0.001414	 -0.001033
503.000000	 0.000788	 0.001087	 -0.000112
504.000000	 0.000065	 0.001519	 0.001715
505.000000	 0.001692	 0.000384	 0.001664
506.000000	 0.000630	 -0.000472	 0.000801
507.000000	 -0.000361	 0.001468	 -0.000124
508.000000	 0.000257	 -0.000140	 -0.000117
509.000000	 -0.000447	 0.001214	 0.000811
510.000000	 0.000786	 0.001090	 -0.000112
511.000000	 0.000473	 0.001094	 -0.000141
512.000000	 -0.000069	 0.000194	 0.000783
513.000000	 0.001003	 -0.001135	 0.000789
514.000000	 0.000318	 0.001351	 -0.000121
515.000000	 0.000344	 0.000457	 0.000778
516.000000	 -0.000129	 0.000523	 -0.000105
517.000000	 -0.001398	 0.001754	 -0.002827
518.000000	 -0.000897	 -0.000822	 -0.002831
519.000000	 -0.000794	 0.000635	 0.001705
520.000000	 -0.000177	 0.000146	 -0.000126
521.000000	 -0.001395	 -0.000623	 0.000791
522.000000	 0.000452	 -0.000032	 0.001697
523.000000	 -0.002071	 0.001672	 -0.000990
524.000000	 -0.001037	 -0.000387	 -0.000120
525.000000	 0.001015	 -0.003453	 -0.000128
526.000000	 0.000031	 0.000607	 0.001709
527.000000	 0.001067	 0.000166	 0.000816
528.000000	 -0.000149	 0.001072	 -0.000120
529.000000	 0.000834	 -0.000990	 -0.002871
530.000000	 -0.000017	 0.000230	 0.001688
531.000000	 0.001529	 -0.001108	 -0.002863
532.000000	 0.001135	 -0.000152	 0.001705
533.000000	 0.000413	 -0.000350	 -0.002859
534.000000	 -0.000574	 -0.000103	 0.000785
535.000000	 0.000285	 0.000439	 -0.000127
536.000000	 -0.001206	 0.001862	 -0.000111
537.000000	 -0.000517	 -0.001823	 -0.002863
538.000000	 -0.000483	 -0.000052	 0.001689
539.000000	 -0.000806	 0.000310	 -0.000129
540.000000	 -0.000108	 -0.000359	 0.000793
541.000000	 -0.000878	 -0.000300	 0.001694
542.000000	 0.001421	 -0.001210	 0.001668
543.000000	 0.000421	 0.000872	 0.000798
544.000000	 0.000421	 -0.000395	 0.002581
545.000000	 0.000503	 0.000007	 0.002602
546.000000	 -0.000029	 0.000589	 0.000804
547.000000	 0.000239	 -0.001549	 -0.002835
548.000000	 0.001164	 0.000448	 -0.000124
549.000000	 0.000028	 -0.001186	 0.002596
550.000000	 -0.000183	 0.000160	 -0.000126
551.000000	 0.001107	 0.000422	 -0.001028
552.000000	 -0.000647	 0.000233	 -0.001009
553.000000	 -0.000578	 -0.000088	 -0.000121
554.000000	 0.000140	 0.000377	 -0.001938
555.000000	 0.002728	 0.003257	 -0.003740
556.000000	 0.025031	 0.032483	 0.007074
557.000000	 0.025804	 0.026152	 0.006096
558.000000	 0.022438	 0.019211	 0.005207
559.000000	 0.011652	 0.008964	 0.001602
560.000000	 -0.000488	 -0.000041	 0.001689
561.000000	 0.000351	 0.005146	 0.001717
562.000000	 -0.000990	 0.017235	 -0.000874
563.000000	 0.007029	 0.028167	 -0.001839
564.000000	 0.001853	 0.020652	 -0.005432
565.000000	 0.005838	 0.016651	 0.000809
566.000000	 0.000869	 0.008916	 -0.000105
567.000000	 0.000786	 0.001336	 -0.001953
568.000000	 0.001271	 -0.001820	 -0.000132
569.000000	 0.001804	 -0.000945	 -0.000142
570.000000	 0.000333	 0.000484	 0.000778
571.000000	 -0.000081	 0.000222	 0.000784
572.000000	 0.000718	 0.001092	 -0.001017
573.000000	 0.001086	 -0.000150	 0.001700
574.000000	 0.000277	 0.000458	 -0.000127
575.000000	 0.001333	 -0.000027	 0.004421
576.000000	 -0.000467	 0.000884	 0.000795
577.000000	 -0.000885	 -0.000233	 -0.002840
578.000000	 0.001269	 -0.001815	 -0.000132
579.000000	 -0.000245	 0.000146	 -0.001031
580.000000	 0.000196	 -0.000485	 -0.000137
581.000000	 -0.000583	 -0.000081	 0.000785
582.000000	 -0.000419	 -0.000489	 -0.002832
583.000000	 0.000989	 -0.001101	 0.000789
584.000000	 -0.000190	 0.000177	 -0.000126
585.000000	 0.001212	 0.000494	 0.000781
586.000000	 0.000959	 0.000011	 -0.001955
587.000000	 -0.000667	 0.000788	 -0.001019
588.000000	 -0.000558	 0.000296	 -0.000100
589.000000	 0.000796	 -0.000123	 0.001671
590.000000	 0.000779	 -0.001557	 -0.001045
591.000000	 0.000741	 0.000207	 -0.000118
592.000000	 0.000270	 0.000822	 -0.000111
593.000000	 0.000329	 0.000495	 0.000778
594.000000	 0.000931	 -0.001124	 -0.000115
595.000000	 0.000835	 -0.003331	 0.000747
596.000000	 0.000239	 -0.000098	 -0.000117
597.000000	 0.000017	 0.000642	 0.001709
598.000000	 -0.001158	 -0.000410	 -0.000124
599.000000	 0.000851	 0.000267	 0.001692
600.000000	 -0.000261	 0.000668	 0.001680
601.000000	 -0.000031	 0.000264	 0.001688
602.000000	 -0.000146	 0.000565	 -0.000105
603.000000	 0.000382	 -0.001751	 -0.005575
604.000000	 0.000930	 0.001215	 0.001702
605.000000	 0.001875	 -0.001439	 0.001677
606.000000	 -0.000916	 0.000976	 0.000817
607.000000	 0.000181	 -0.000121	 -0.001022
608.000000	 -0.000424	 -0.000526	 0.001703
609.000000	 0.000631	 0.000164	 -0.001027
610.000000	 0.000490	 0.000094	 -0.002838
611.000000	 0.000181	 -0.000119	 -0.001022
612.000000	 -0.000139	 0.000274	 -0.004661
613.000000	 -0.000590	 -0.000010	 -0.004656
614.000000	 -0.000580	 0.001208	 -0.000998
615.000000	 0.001048	 -0.001354	 -0.002862
616.000000	 -0.000129	 0.001649	 0.002595
617.000000	 -0.000532	 -0.000524	 -0.003741
