1.000000	 0.000369	 0.001692	 0.002400
2.000000	 -0.001475	 -0.000296	 -0.003039
3.000000	 0.000808	 0.001117	 -0.002148
4.000000	 -0.001094	 0.000801	 0.000596
5.000000	 0.000287	 0.001106	 0.001503
6.000000	 0.000709	 -0.001317	 0.000564
7.000000	 0.000509	 -0.001059	 -0.002136
8.000000	 -0.000514	 0.000294	 -0.002138
9.000000	 -0.000216	 0.000801	 0.001503
10.000000	 -0.001329	 0.001209	 0.000585
11.000000	 0.001731	 -0.003022	 0.000548
12.000000	 0.000785	 -0.000367	 0.000572
13.000000	 -0.000131	 -0.000880	 -0.004862
14.000000	 -0.000078	 0.000877	 0.002410
15.000000	 -0.000682	 0.000170	 0.000580
16.000000	 0.000051	 -0.000268	 0.000563
17.000000	 0.000837	 -0.000280	 -0.003965
18.000000	 0.001965	 -0.000161	 -0.000336
19.000000	 -0.001407	 0.000653	 -0.002129
20.000000	 0.000779	 -0.000362	 0.000569
21.000000	 -0.000336	 0.000752	 -0.000311
22.000000	 -0.001025	 0.000002	 -0.003047
23.000000	 0.000116	 -0.000745	 -0.002147
24.000000	 0.000776	 -0.000360	 0.000568
25.000000	 -0.000339	 0.000699	 0.005127
26.000000	 -0.000410	 -0.001604	 -0.003042
27.000000	 0.000885	 -0.000246	 -0.003064
28.000000	 0.001266	 -0.001867	 0.002358
29.000000	 -0.000262	 -0.000459	 0.001468
30.000000	 0.001156	 -0.001016	 0.000554
31.000000	 -0.000344	 0.000759	 -0.000315
32.000000	 0.000570	 0.001329	 -0.000322
33.000000	 0.001789	 -0.001189	 0.003276
34.000000	 -0.001252	 -0.000154	 -0.000331
35.000000	 0.001084	 -0.000529	 0.002357
36.000000	 0.000303	 -0.000582	 -0.004876
37.000000	 0.000106	 -0.000736	 -0.002152
38.000000	 -0.000699	 0.000184	 0.000572
39.000000	 -0.000643	 0.000262	 -0.003059
40.000000	 0.000244	 -0.000663	 -0.000342
41.000000	 -0.000105	 0.002920	 -0.000337
42.000000	 0.000395	 -0.000231	 0.000587
43.000000	 -0.000135	 0.000572	 -0.002157
44.000000	 0.000737	 -0.001265	 0.001454
45.000000	 -0.000031	 0.000625	 -0.001248
46.000000	 0.000513	 -0.000469	 -0.002161
47.000000	 0.000145	 -0.000351	 -0.002135
48.000000	 0.000758	 -0.000345	 0.000559
49.000000	 0.000892	 0.002408	 0.003306
50.000000	 -0.000187	 0.000499	 0.002376
51.000000	 -0.000790	 0.001052	 -0.000332
52.000000	 0.000509	 -0.000465	 -0.002163
53.000000	 0.001929	 -0.001615	 0.001467
54.000000	 -0.000105	 -0.000876	 0.000563
55.000000	 -0.000519	 0.001245	 -0.002150
56.000000	 -0.000738	 0.001083	 0.000571
57.000000	 0.000808	 -0.000311	 0.001460
58.000000	 0.001330	 -0.000542	 0.002373
59.000000	 0.000046	 -0.001079	 -0.003995
60.000000	 -0.000220	 0.001399	 0.001474
61.000000	 0.000302	 -0.001165	 0.000569
62.000000	 -0.000366	 0.000778	 -0.000327
63.000000	 0.000969	 -0.000415	 0.002397
64.000000	 0.000388	 -0.000569	 0.001463
65.000000	 0.000462	 0.000591	 0.000529
66.000000	 -0.001048	 0.000883	 0.002383
67.000000	 -0.000116	 0.000910	 0.002390
68.000000	 -0.000640	 0.001142	 0.001476
69.000000	 -0.000278	 -0.000953	 -0.000352
70.000000	 0.000078	 0.001067	 -0.000336
71.000000	 0.000238	 0.000846	 -0.003078
72.000000	 -0.000143	 -0.001783	 0.001450
73.000000	 -0.000350	 -0.000460	 0.000547
74.000000	 -0.001146	 0.000845	 0.000570
75.000000	 0.002343	 -0.002239	 0.002352
76.000000	 0.000235	 0.001206	 -0.003964
77.000000	 0.002053	 -0.001317	 0.001428
78.000000	 -0.001285	 -0.000484	 0.000537
79.000000	 0.000643	 -0.000703	 -0.002194
80.000000	 -0.000137	 -0.000292	 -0.002177
81.000000	 0.000376	 -0.000558	 0.001457
82.000000	 0.000478	 -0.000151	 0.002381
83.000000	 0.001776	 -0.000542	 -0.002193
84.000000	 -0.001991	 0.001443	 -0.001263
85.000000	 0.000758	 -0.001216	 0.001443
86.000000	 0.000267	 -0.000250	 -0.000339
87.000000	 0.000209	 -0.000634	 -0.000360
88.000000	 0.000867	 -0.001102	 -0.002188
89.000000	 0.000648	 -0.001265	 0.000533
90.000000	 0.000225	 0.001159	 0.001471
91.000000	 -0.000171	 0.000602	 -0.002175
92.000000	 -0.000283	 0.000491	 0.001455
93.000000	 0.001659	 -0.002403	 -0.002214
94.000000	 0.001843	 -0.001617	 0.000547
95.000000	 -0.001013	 0.000985	 -0.002164
96.000000	 0.000341	 -0.001411	 -0.003095
97.000000	 0.001199	 -0.000924	 0.001433
98.000000	 0.001334	 0.000050	 0.002348
99.000000	 0.000526	 -0.002217	 -0.001289
100.000000	 0.000394	 -0.001380	 -0.002192
101.000000	 -0.001327	 0.000775	 -0.000349
102.000000	 -0.000058	 -0.001656	 -0.003092
103.000000	 0.000623	 0.001067	 0.001445
104.000000	 0.001105	 -0.001514	 0.000536
105.000000	 0.000346	 0.000024	 -0.001283
106.000000	 0.000994	 -0.001020	 -0.000384
107.000000	 0.000936	 -0.000689	 -0.002175
108.000000	 0.000608	 -0.000359	 -0.000373
109.000000	 0.001075	 -0.000617	 -0.000365
110.000000	 -0.000159	 -0.000274	 -0.002189
111.000000	 -0.000752	 0.000230	 0.000544
112.000000	 -0.000779	 0.001118	 0.000550
113.000000	 -0.000161	 -0.000272	 -0.002190
114.000000	 0.000302	 -0.000204	 0.000555
115.000000	 0.000463	 -0.000426	 -0.002187
116.000000	 0.001065	 0.001710	 0.001455
117.000000	 0.001589	 -0.000299	 0.000536
118.000000	 -0.000152	 -0.000843	 0.001444
119.000000	 0.000186	 -0.000614	 -0.000372
120.000000	 -0.000853	 0.001607	 0.002352
121.000000	 0.000899	 0.000158	 0.002361
122.000000	 -0.000372	 0.001386	 0.000541
123.000000	 0.001088	 -0.000958	 0.000519
124.000000	 0.000506	 -0.000396	 -0.002186
125.000000	 0.000426	 -0.001341	 -0.002197
126.000000	 0.000532	 -0.001836	 -0.000377
127.000000	 0.001793	 -0.000710	 0.000541
128.000000	 0.000891	 -0.001598	 -0.002189
129.000000	 0.000893	 0.000163	 0.002358
130.000000	 0.000234	 -0.000579	 0.000529
131.000000	 0.000371	 -0.001361	 -0.002204
132.000000	 0.000591	 -0.000344	 -0.000382
133.000000	 -0.001666	 0.001163	 -0.002182
134.000000	 0.000175	 -0.000605	 -0.000378
135.000000	 0.001227	 -0.000817	 -0.003117
136.000000	 -0.000633	 -0.000537	 -0.002198
137.000000	 0.000382	 -0.000144	 0.001456
138.000000	 -0.000109	 -0.002552	 -0.002212
139.000000	 0.001376	 -0.000741	 -0.001304
140.000000	 0.000268	 0.001778	 0.002347
141.000000	 -0.000253	 0.000555	 0.002341
142.000000	 0.001035	 0.000460	 0.002323
143.000000	 -0.000418	 0.000120	 0.001411
144.000000	 -0.000664	 0.000355	 -0.002194
145.000000	 0.000101	 0.000490	 -0.003126
146.000000	 0.000965	 -0.000995	 -0.000399
147.000000	 0.001289	 0.000432	 0.001445
148.000000	 0.000217	 -0.002377	 0.000509
149.000000	 0.000634	 -0.000306	 0.000516
150.000000	 0.001207	 -0.000512	 0.001434
151.000000	 0.001093	 -0.002136	 -0.003149
152.000000	 -0.000321	 0.000946	 -0.003992
153.000000	 0.000926	 0.000201	 0.002353
154.000000	 0.000204	 0.000003	 -0.002211
155.000000	 -0.000217	 0.000642	 -0.002199
156.000000	 -0.000329	 0.000888	 0.000547
157.000000	 0.001291	 0.000086	 0.002326
158.000000	 -0.000193	 -0.000250	 -0.001302
159.000000	 0.000238	 -0.001449	 0.000511
160.000000	 -0.000728	 0.000065	 0.004181
161.000000	 -0.000430	 0.000488	 0.000520
162.000000	 0.000154	 -0.000587	 -0.000388
163.000000	 -0.001978	 0.000464	 -0.003088
164.000000	 -0.000416	 -0.000403	 0.000512
165.000000	 0.000917	 -0.001003	 -0.001308
166.000000	 -0.000397	 -0.000556	 -0.002180
167.000000	 -0.000434	 -0.000879	 -0.006736
168.000000	 -0.000435	 0.000493	 0.000517
169.000000	 -0.000956	 0.000180	 -0.000387
170.000000	 -0.000340	 0.000539	 0.001426
171.000000	 -0.000740	 0.000295	 0.001426
172.000000	 -0.000656	 -0.001088	 0.000519
173.000000	 0.000578	 -0.000861	 -0.000384
174.000000	 -0.001615	 0.002128	 -0.001282
175.000000	 0.000764	 -0.001976	 -0.002228
176.000000	 -0.000207	 -0.000239	 -0.001309
177.000000	 0.001539	 -0.000623	 0.000497
178.000000	 -0.000994	 0.001982	 -0.002185
179.000000	 0.000360	 -0.000470	 0.002324
180.000000	 -0.000079	 -0.001593	 -0.002217
181.000000	 0.000607	 -0.002095	 0.000491
182.000000	 0.000568	 -0.000639	 -0.002233
183.000000	 -0.000608	 -0.001054	 0.001419
184.000000	 0.000797	 0.000169	 0.001432
185.000000	 0.000822	 -0.001936	 -0.001327
186.000000	 0.000437	 -0.001275	 -0.001315
187.000000	 -0.001308	 0.000025	 -0.004924
188.000000	 -0.001864	 -0.000363	 -0.001290
189.000000	 -0.001082	 0.001043	 -0.002200
190.000000	 0.000425	 -0.000922	 -0.002201
191.000000	 -0.001556	 0.000200	 -0.002185
192.000000	 0.001014	 -0.000565	 -0.000397
193.000000	 0.001175	 -0.000485	 0.001417
194.000000	 0.001977	 -0.000027	 0.005041
195.000000	 0.001011	 -0.001831	 0.001385
196.000000	 -0.000371	 -0.000874	 -0.000400
197.000000	 -0.002059	 0.000457	 -0.004006
198.000000	 -0.000031	 0.002259	 -0.003124
199.000000	 0.000039	 0.001175	 0.000520
200.000000	 0.000473	 0.000238	 -0.004043
201.000000	 0.000850	 -0.002120	 0.000513
202.000000	 0.000613	 -0.000815	 0.000510
203.000000	 -0.000845	 0.001174	 0.000515
204.000000	 0.000662	 0.001543	 0.002331
205.000000	 0.000781	 -0.001029	 -0.002233
206.000000	 0.000277	 -0.001934	 0.001412
207.000000	 0.000422	 -0.001262	 -0.001323
208.000000	 -0.001733	 0.001943	 -0.005798
209.000000	 -0.001419	 0.001361	 0.001414
210.000000	 -0.000777	 0.000664	 0.001432
211.000000	 0.000192	 -0.001072	 0.000512
212.000000	 0.001337	 -0.003019	 -0.002249
213.000000	 -0.000883	 -0.001162	 -0.002213
214.000000	 0.000600	 -0.000591	 -0.001340
215.000000	 0.000189	 -0.001069	 0.000511
216.000000	 -0.000029	 0.001158	 -0.000391
217.000000	 0.001238	 0.000524	 -0.003116
218.000000	 0.000331	 -0.000389	 -0.003131
219.000000	 -0.001251	 0.000928	 0.001420
220.000000	 0.000138	 -0.001494	 0.005023
221.000000	 -0.001463	 0.001186	 -0.002186
222.000000	 0.000031	 -0.001496	 -0.000422
223.000000	 0.002261	 -0.001614	 0.005008
224.000000	 0.000152	 0.000047	 -0.002237
225.000000	 0.000443	 -0.001232	 -0.000428
226.000000	 0.000317	 -0.000089	 0.001422
227.000000	 -0.000015	 0.000458	 0.001378
228.000000	 0.002346	 -0.002388	 -0.001353
229.000000	 0.001507	 -0.000229	 0.000493
230.000000	 -0.000345	 0.001505	 0.001409
231.000000	 -0.000264	 0.000338	 -0.001344
232.000000	 0.000377	 -0.000353	 -0.002231
233.000000	 -0.000538	 -0.000922	 -0.002225
234.000000	 0.001869	 -0.002318	 -0.002238
235.000000	 0.000263	 -0.000463	 0.001398
236.000000	 0.000170	 -0.000840	 -0.001343
237.000000	 -0.000626	 0.000465	 -0.001320
238.000000	 -0.000567	 -0.001830	 -0.002238
239.000000	 0.000585	 -0.000792	 0.000496
240.000000	 0.001223	 -0.001266	 -0.002238
241.000000	 -0.000034	 0.000818	 0.000488
242.000000	 0.001205	 -0.002755	 0.000486
243.000000	 0.000152	 -0.000152	 -0.000399
244.000000	 -0.000666	 0.001714	 -0.003106
245.000000	 -0.000189	 -0.000680	 -0.003140
246.000000	 -0.000356	 0.001515	 0.001403
247.000000	 0.001627	 -0.001060	 0.002294
248.000000	 0.000845	 -0.001169	 0.000501
249.000000	 -0.000057	 -0.002058	 -0.002229
250.000000	 0.000525	 0.000808	 0.002273
251.000000	 0.001102	 -0.001728	 0.002273
252.000000	 -0.002109	 -0.000782	 -0.002244
253.000000	 -0.000553	 -0.000903	 -0.003138
254.000000	 -0.000856	 0.000368	 -0.004046
255.000000	 -0.000140	 0.000781	 -0.000426
256.000000	 0.000141	 -0.000501	 0.000481
257.000000	 0.000925	 0.001425	 0.001381
258.000000	 0.000486	 0.000302	 -0.003160
259.000000	 0.000337	 -0.001470	 0.000498
260.000000	 0.000139	 -0.000498	 0.000479
261.000000	 0.000194	 -0.000414	 -0.004057
262.000000	 -0.000983	 0.002589	 0.001400
263.000000	 -0.001062	 -0.000134	 -0.000444
264.000000	 0.000161	 -0.001383	 0.000471
265.000000	 -0.001447	 0.000877	 -0.000412
266.000000	 -0.000818	 0.000755	 -0.004030
267.000000	 0.000216	 -0.001304	 -0.003160
268.000000	 0.000568	 -0.001130	 0.000469
269.000000	 -0.001067	 -0.000131	 -0.000446
270.000000	 -0.000950	 0.000069	 0.001423
271.000000	 0.002418	 -0.000478	 -0.003166
272.000000	 0.000594	 -0.000205	 0.000474
273.000000	 -0.000965	 0.001702	 0.002294
274.000000	 0.000513	 -0.001150	 0.000462
275.000000	 -0.000310	 -0.001312	 0.000489
276.000000	 -0.000120	 -0.000611	 -0.002247
277.000000	 0.000199	 -0.000947	 -0.004048
278.000000	 0.000287	 -0.000408	 0.002287
279.000000	 -0.000886	 -0.000939	 0.002263
280.000000	 0.000753	 -0.000665	 0.002294
281.000000	 0.000067	 -0.000513	 -0.000434
282.000000	 -0.000660	 0.000142	 -0.001358
283.000000	 -0.000435	 -0.000820	 -0.000433
284.000000	 0.000441	 0.001514	 0.000487
285.000000	 -0.000795	 -0.001046	 -0.000429
286.000000	 -0.002067	 0.000842	 0.001421
287.000000	 -0.000157	 -0.001526	 -0.002258
288.000000	 0.001626	 -0.000113	 0.002285
289.000000	 -0.001382	 0.000082	 -0.004058
290.000000	 -0.000083	 0.001204	 -0.000419
291.000000	 -0.000222	 -0.000652	 -0.003158
292.000000	 0.001208	 -0.000674	 -0.002267
293.000000	 0.002452	 -0.000490	 0.001365
294.000000	 -0.000608	 -0.000368	 -0.000447
295.000000	 0.000075	 0.001286	 0.001393
296.000000	 0.000250	 -0.001258	 -0.002266
297.000000	 -0.001378	 0.001304	 -0.000404
298.000000	 0.001205	 -0.000313	 -0.003154
299.000000	 -0.000353	 -0.000240	 0.002275
300.000000	 0.000097	 0.000094	 -0.002266
301.000000	 -0.000639	 0.000524	 -0.000443
302.000000	 -0.002148	 0.001035	 -0.001336
303.000000	 0.000039	 0.000068	 -0.003172
304.000000	 0.000118	 0.000958	 0.002279
305.000000	 -0.000129	 0.001194	 -0.001327
306.000000	 -0.000129	 0.001194	 -0.001327
307.000000	 -0.000474	 -0.001356	 -0.002240
308.000000	 0.000691	 -0.002993	 -0.000444
309.000000	 0.000649	 -0.001048	 0.002263
310.000000	 -0.000578	 0.001987	 0.002275
311.000000	 0.000087	 0.001857	 0.001377
312.000000	 -0.000388	 0.000712	 -0.003164
313.000000	 0.000925	 -0.000490	 -0.000443
314.000000	 -0.000390	 0.000713	 -0.003164
315.000000	 0.002401	 0.000707	 0.005920
316.000000	 0.000123	 -0.001351	 0.000451
317.000000	 -0.000459	 -0.000799	 -0.000446
318.000000	 0.000058	 0.001301	 0.001384
319.000000	 0.000778	 -0.000069	 0.003175
320.000000	 -0.000312	 -0.000143	 -0.002269
321.000000	 -0.000462	 -0.000796	 -0.000448
322.000000	 -0.001324	 0.000504	 -0.004050
323.000000	 0.001683	 -0.000901	 -0.001365
324.000000	 -0.002106	 0.000718	 0.000446
325.000000	 0.000246	 -0.001783	 -0.002263
326.000000	 0.000380	 0.000261	 0.001349
327.000000	 -0.000397	 -0.001035	 -0.006817
328.000000	 0.000832	 -0.000882	 -0.000469
329.000000	 0.000088	 -0.000456	 0.000453
330.000000	 -0.000346	 0.000751	 -0.002266
331.000000	 0.000160	 -0.000913	 -0.004069
332.000000	 -0.001429	 0.002377	 0.002284
333.000000	 -0.000471	 -0.000789	 -0.000452
334.000000	 0.000469	 -0.001112	 0.000439
335.000000	 0.000965	 -0.000448	 0.000454
336.000000	 -0.000999	 0.001229	 -0.000440
337.000000	 0.000180	 0.002286	 0.002292
338.000000	 -0.000506	 0.002438	 -0.000435
339.000000	 0.000698	 -0.002058	 0.000456
340.000000	 -0.000455	 -0.000769	 -0.001357
341.000000	 0.001546	 -0.002431	 0.000443
342.000000	 -0.000106	 -0.000875	 -0.003197
343.000000	 0.002530	 -0.000927	 0.001351
344.000000	 -0.000866	 0.000452	 -0.003175
345.000000	 0.000145	 0.001369	 0.002283
346.000000	 0.000460	 -0.001105	 0.000435
347.000000	 0.000006	 0.000040	 0.002252
348.000000	 0.000624	 -0.001568	 0.002258
349.000000	 0.000869	 -0.001389	 -0.000462
350.000000	 -0.000324	 0.001142	 -0.003158
351.000000	 -0.001651	 0.000867	 -0.003161
352.000000	 0.001282	 -0.001126	 -0.000469
353.000000	 -0.000065	 -0.001414	 -0.000472
354.000000	 0.000590	 -0.000126	 0.001347
355.000000	 -0.000525	 0.000988	 0.000466
356.000000	 0.000807	 0.000038	 -0.001375
357.000000	 0.000866	 -0.000836	 0.000425
358.000000	 -0.001353	 0.001021	 0.000462
359.000000	 0.000451	 -0.001097	 0.000430
360.000000	 -0.000878	 0.000462	 -0.003181
361.000000	 -0.000824	 -0.001893	 0.000441
362.000000	 0.000945	 -0.000432	 0.000444
363.000000	 0.000080	 0.001055	 -0.002284
364.000000	 -0.000332	 -0.000683	 0.000445
365.000000	 -0.000976	 0.001843	 -0.002276
366.000000	 -0.000729	 0.000896	 -0.002254
367.000000	 -0.002100	 -0.000002	 0.002289
368.000000	 0.001129	 -0.001187	 -0.002286
369.000000	 -0.000036	 0.000947	 0.001345
370.000000	 -0.000498	 -0.000766	 -0.000466
371.000000	 -0.000242	 -0.002034	 -0.002280
372.000000	 -0.000859	 -0.000992	 -0.000462
373.000000	 0.000660	 0.000644	 0.000476
374.000000	 0.000290	 -0.000807	 -0.002271
375.000000	 0.001520	 -0.000605	 -0.000458
376.000000	 -0.000343	 0.001159	 -0.003168
377.000000	 -0.000124	 0.000551	 0.001321
378.000000	 -0.001194	 0.000274	 -0.002278
379.000000	 0.000236	 -0.000828	 -0.002278
380.000000	 0.000189	 -0.001206	 -0.002298
381.000000	 0.000340	 0.000295	 0.001328
382.000000	 0.000557	 0.000459	 -0.001393
383.000000	 -0.000218	 -0.000039	 0.000424
384.000000	 0.000292	 -0.001152	 -0.001391
385.000000	 -0.001315	 -0.000690	 -0.002291
386.000000	 0.000732	 -0.000516	 -0.002281
387.000000	 0.000652	 -0.003295	 0.001316
388.000000	 0.000897	 -0.001337	 0.000428
389.000000	 -0.001456	 0.000151	 -0.005001
390.000000	 -0.001364	 0.000496	 0.001364
391.000000	 0.000909	 0.000643	 0.003133
392.000000	 -0.000799	 0.000889	 -0.002268
393.000000	 0.000739	 -0.001079	 0.000446
394.000000	 -0.000354	 -0.000671	 0.001339
395.000000	 -0.000144	 -0.000842	 -0.003218
396.000000	 -0.001234	 -0.001211	 0.000439
397.000000	 0.000697	 0.000329	 0.002256
398.000000	 0.000546	 0.000525	 -0.006840
399.000000	 -0.000907	 0.000437	 0.001339
400.000000	 0.000053	 -0.000954	 0.000440
401.000000	 -0.000274	 -0.002015	 -0.003196
402.000000	 -0.000304	 -0.000582	 -0.003200
403.000000	 0.001764	 -0.001082	 -0.004140
404.000000	 -0.000608	 0.000640	 0.000427
405.000000	 -0.000269	 -0.000257	 0.001355
406.000000	 -0.000307	 -0.000580	 -0.003201
407.000000	 -0.001933	 0.000227	 -0.004986
408.000000	 -0.000666	 -0.000813	 -0.002292
409.000000	 0.001376	 -0.000117	 0.000425
410.000000	 -0.000810	 0.000194	 -0.002312
411.000000	 -0.001168	 0.000318	 -0.002286
412.000000	 -0.000981	 0.000762	 0.000450
413.000000	 -0.000888	 -0.000917	 -0.005013
414.000000	 0.000149	 0.001139	 -0.001394
415.000000	 -0.000783	 0.001414	 0.003154
416.000000	 -0.000370	 -0.000657	 0.001330
417.000000	 0.000939	 -0.000901	 -0.002284
418.000000	 0.000747	 -0.001901	 -0.004105
419.000000	 -0.001084	 -0.001057	 -0.002295
420.000000	 0.000980	 -0.001266	 0.001325
421.000000	 0.000230	 0.000060	 0.002253
422.000000	 -0.000398	 -0.001515	 -0.003218
423.000000	 -0.000263	 0.000886	 -0.000490
424.000000	 0.000950	 -0.000369	 0.000425
425.000000	 -0.000576	 0.001032	 0.000440
426.000000	 -0.000249	 -0.000013	 0.000407
427.000000	 -0.001473	 0.001385	 -0.000453
428.000000	 0.000171	 -0.001719	 -0.002302
429.000000	 -0.001405	 0.001066	 0.000435
430.000000	 -0.000559	 0.002169	 -0.002302
431.000000	 0.000752	 0.000085	 -0.001403
432.000000	 0.000063	 -0.000368	 0.000418
433.000000	 -0.000770	 0.000587	 -0.001395
434.000000	 0.000667	 -0.001408	 -0.002306
435.000000	 0.001380	 0.000460	 0.000405
436.000000	 -0.000045	 -0.002222	 0.000395
437.000000	 0.001487	 -0.001243	 -0.002334
438.000000	 0.001171	 -0.000765	 0.000428
439.000000	 -0.000889	 0.000890	 -0.003191
440.000000	 -0.000634	 0.000662	 0.000414
441.000000	 0.000224	 -0.000223	 -0.002311
442.000000	 0.000032	 -0.001279	 0.001309
443.000000	 -0.000974	 0.001703	 0.000445
444.000000	 0.001715	 -0.002188	 -0.002318
445.000000	 -0.000103	 -0.000435	 -0.000500
446.000000	 -0.000404	 -0.000071	 -0.001411
447.000000	 -0.000648	 0.001018	 -0.000473
448.000000	 0.001535	 -0.001208	 -0.001433
449.000000	 -0.000556	 -0.000716	 -0.000496
450.000000	 0.000542	 0.000521	 -0.000518
451.000000	 -0.000248	 -0.000502	 -0.002314
452.000000	 0.000080	 -0.001189	 -0.003231
453.000000	 0.001024	 -0.001729	 -0.000493
454.000000	 -0.000850	 0.000923	 -0.003192
455.000000	 0.000598	 -0.000874	 -0.002328
456.000000	 -0.001225	 -0.000572	 -0.001409
457.000000	 0.000076	 -0.001242	 0.002208
458.000000	 0.001584	 -0.000817	 -0.001417
459.000000	 -0.000657	 0.001025	 -0.000478
460.000000	 -0.001088	 -0.000443	 -0.005040
461.000000	 -0.000064	 -0.000401	 -0.000502
462.000000	 -0.001510	 0.000141	 0.000411
463.000000	 0.000004	 -0.000698	 -0.001429
464.000000	 -0.001349	 0.000277	 -0.003215
465.000000	 -0.000406	 -0.000627	 0.001312
466.000000	 -0.001050	 0.001906	 -0.002315
467.000000	 -0.000351	 -0.000542	 -0.003224
468.000000	 0.000669	 0.000024	 0.003118
469.000000	 0.000524	 0.001736	 0.003135
470.000000	 0.000942	 -0.001592	 0.002190
471.000000	 0.000034	 -0.000343	 0.000404
472.000000	 0.000833	 -0.000741	 0.000386
473.000000	 -0.000819	 -0.000467	 -0.004110
474.000000	 0.001736	 -0.000176	 0.000379
475.000000	 -0.000321	 -0.000571	 0.002213
476.000000	 0.000339	 -0.000130	 -0.000513
477.000000	 -0.000878	 -0.000548	 0.000424
478.000000	 0.001569	 -0.000805	 -0.001424
479.000000	 -0.000022	 -0.000362	 0.000396
480.000000	 0.002208	 -0.000782	 0.001269
481.000000	 -0.001049	 0.001347	 0.000410
482.000000	 -0.000593	 -0.000128	 -0.003239
483.000000	 -0.001247	 0.001250	 -0.002307
484.000000	 0.000401	 0.001690	 0.001320
485.000000	 0.000264	 0.000360	 0.001289
486.000000	 0.000319	 0.000388	 0.002193
487.000000	 -0.000164	 -0.001331	 -0.000522
488.000000	 0.000436	 -0.000071	 0.000392
489.000000	 -0.001284	 0.000687	 -0.002299
490.000000	 0.000052	 -0.001166	 -0.003245
491.000000	 0.000659	 -0.001408	 0.004015
492.000000	 -0.000146	 -0.001312	 -0.001427
493.000000	 -0.000088	 -0.000381	 -0.000514
494.000000	 -0.000147	 -0.001311	 -0.001427
495.000000	 -0.000089	 -0.000380	 -0.000515
496.000000	 -0.000572	 0.001160	 -0.004123
497.000000	 -0.000373	 -0.000523	 -0.003236
498.000000	 -0.001592	 0.000135	 -0.000507
499.000000	 0.000986	 -0.000798	 -0.001406
500.000000	 -0.000631	 0.001079	 0.000411
501.000000	 -0.002225	 0.000674	 -0.003217
502.000000	 0.000179	 -0.000185	 -0.002334
503.000000	 -0.001377	 0.001506	 0.001332
504.000000	 0.000083	 0.001195	 -0.001428
505.000000	 -0.000993	 0.000848	 0.001320
506.000000	 -0.000252	 0.000121	 -0.004158
507.000000	 0.001688	 -0.000715	 0.000376
508.000000	 0.000560	 -0.000841	 -0.002348
509.000000	 -0.001299	 0.000700	 -0.002307
510.000000	 -0.000821	 -0.001387	 0.001309
511.000000	 0.001512	 -0.000470	 0.000395
512.000000	 -0.000045	 0.000016	 -0.000501
513.000000	 -0.001208	 0.000394	 -0.000518
514.000000	 0.002048	 -0.002860	 0.003084
515.000000	 -0.000442	 -0.000596	 0.001293
516.000000	 0.000105	 -0.000594	 0.000362
517.000000	 -0.000089	 -0.000144	 -0.001464
518.000000	 0.001155	 -0.000120	 -0.001428
519.000000	 -0.001030	 0.001750	 0.000416
520.000000	 -0.000693	 0.000712	 0.000383
521.000000	 0.000021	 -0.000851	 0.001299
522.000000	 0.000671	 -0.001893	 0.001296
523.000000	 -0.002880	 0.001163	 -0.000492
524.000000	 -0.000461	 -0.000022	 -0.001441
525.000000	 0.000744	 0.000529	 -0.000516
526.000000	 0.006478	 0.002677	 -0.004174
527.000000	 -0.001632	 0.003574	 -0.006777
528.000000	 -0.006690	 0.002757	 -0.002276
529.000000	 -0.014044	 0.004821	 0.003159
530.000000	 -0.012487	 0.017060	 0.000587
531.000000	 -0.012621	 0.026100	 0.003392
532.000000	 -0.008961	 0.024385	 0.004294
533.000000	 0.006637	 0.019605	 0.008772
534.000000	 0.001048	 0.001071	 0.001251
535.000000	 -0.002489	 0.008908	 0.007628
536.000000	 -0.004960	 0.006555	 0.000376
537.000000	 -0.002570	 0.002617	 0.001280
538.000000	 -0.000265	 0.001358	 -0.000513
539.000000	 0.000184	 -0.003028	 -0.003251
540.000000	 -0.001045	 0.001763	 0.000408
541.000000	 0.000955	 -0.000772	 -0.001422
542.000000	 0.000663	 -0.000181	 -0.003280
543.000000	 -0.001433	 0.001214	 -0.003239
544.000000	 -0.000416	 -0.000878	 -0.000553
545.000000	 -0.000464	 -0.000577	 0.001281
546.000000	 0.001006	 0.000378	 -0.002357
547.000000	 -0.000934	 -0.000337	 0.003086
548.000000	 0.000379	 0.000177	 -0.001477
549.000000	 -0.001890	 0.002361	 -0.001424
550.000000	 -0.001826	 0.000013	 0.002198
551.000000	 -0.000938	 0.001470	 0.002197
552.000000	 0.000445	 -0.000003	 0.001272
553.000000	 -0.001496	 0.001136	 0.001293
554.000000	 0.001134	 -0.001000	 -0.000546
555.000000	 -0.000718	 0.000734	 0.000370
556.000000	 0.000578	 -0.001332	 -0.002352
557.000000	 0.000379	 -0.001488	 0.001274
558.000000	 -0.000300	 -0.001021	 0.002195
559.000000	 -0.000475	 -0.000568	 0.001276
560.000000	 0.000295	 -0.000620	 -0.000531
561.000000	 -0.000206	 0.000145	 0.001265
562.000000	 -0.001161	 -0.001505	 -0.002336
563.000000	 -0.000733	 0.001090	 -0.000517
564.000000	 -0.001092	 0.000856	 0.000393
565.000000	 -0.000466	 -0.001047	 -0.004157
566.000000	 0.001366	 -0.000269	 -0.003281
567.000000	 -0.000371	 -0.001000	 -0.003248
